-49,-177,pMz4WpDMsMRWpS6qfxY/6DJvREA=,cxJErriT7ob5pGJGZq+Q/PU+LCU=
-62,-191,pMz4WpDMsMRWpS6qfxY/6DJvREA=,cxJErriT7ob5pGJGZq+Q/PU+LCU=
-63,-191,pMz4WpDMsMRWpS6qfxY/6DJvREA=,cxJErriT7ob5pGJGZq+Q/PU+LCU=
-49,-192,pMz4WpDMsMRWpS6qfxY/6DJvREA=,cxJErriT7ob5pGJGZq+Q/PU+LCU=
-64,-191,pMz4WpDMsMRWpS6qfxY/6DJvREA=,cxJErriT7ob5pGJGZq+Q/PU+LCU=
-61,-191,pMz4WpDMsMRWpS6qfxY/6DJvREA=,cxJErriT7ob5pGJGZq+Q/PU+LCU=
-51,-192,pMz4WpDMsMRWpS6qfxY/6DJvREA=,cxJErriT7ob5pGJGZq+Q/PU+LCU=
-52,-192,pMz4WpDMsMRWpS6qfxY/6DJvREA=,cxJErriT7ob5pGJGZq+Q/PU+LCU=
-60,-191,pMz4WpDMsMRWpS6qfxY/6DJvREA=,cxJErriT7ob5pGJGZq+Q/PU+LCU=
-50,-192,pMz4WpDMsMRWpS6qfxY/6DJvREA=,cxJErriT7ob5pGJGZq+Q/PU+LCU=
-53,-192,pMz4WpDMsMRWpS6qfxY/6DJvREA=,cxJErriT7ob5pGJGZq+Q/PU+LCU=
-59,-191,pMz4WpDMsMRWpS6qfxY/6DJvREA=,cxJErriT7ob5pGJGZq+Q/PU+LCU=
-54,-192,pMz4WpDMsMRWpS6qfxY/6DJvREA=,cxJErriT7ob5pGJGZq+Q/PU+LCU=
-55,-192,pMz4WpDMsMRWpS6qfxY/6DJvREA=,cxJErriT7ob5pGJGZq+Q/PU+LCU=
-56,-192,pMz4WpDMsMRWpS6qfxY/6DJvREA=,cxJErriT7ob5pGJGZq+Q/PU+LCU=
-57,-192,pMz4WpDMsMRWpS6qfxY/6DJvREA=,cxJErriT7ob5pGJGZq+Q/PU+LCU=
-58,-191,pMz4WpDMsMRWpS6qfxY/6DJvREA=,cxJErriT7ob5pGJGZq+Q/PU+LCU=
-58,-192,pMz4WpDMsMRWpS6qfxY/6DJvREA=,cxJErriT7ob5pGJGZq+Q/PU+LCU=
-60,-192,pMz4WpDMsMRWpS6qfxY/6DJvREA=,cxJErriT7ob5pGJGZq+Q/PU+LCU=
-59,-192,pMz4WpDMsMRWpS6qfxY/6DJvREA=,cxJErriT7ob5pGJGZq+Q/PU+LCU=
-61,-192,pMz4WpDMsMRWpS6qfxY/6DJvREA=,cxJErriT7ob5pGJGZq+Q/PU+LCU=
-57,-191,pMz4WpDMsMRWpS6qfxY/6DJvREA=,cxJErriT7ob5pGJGZq+Q/PU+LCU=
-51,-177,pMz4WpDMsMRWpS6qfxY/6DJvREA=,cxJErriT7ob5pGJGZq+Q/PU+LCU=
-50,-177,pMz4WpDMsMRWpS6qfxY/6DJvREA=,cxJErriT7ob5pGJGZq+Q/PU+LCU=
-62,-192,pMz4WpDMsMRWpS6qfxY/6DJvREA=,cxJErriT7ob5pGJGZq+Q/PU+LCU=
-53,-177,pMz4WpDMsMRWpS6qfxY/6DJvREA=,cxJErriT7ob5pGJGZq+Q/PU+LCU=
-63,-192,pMz4WpDMsMRWpS6qfxY/6DJvREA=,cxJErriT7ob5pGJGZq+Q/PU+LCU=
-64,-192,pMz4WpDMsMRWpS6qfxY/6DJvREA=,cxJErriT7ob5pGJGZq+Q/PU+LCU=
-56,-191,pMz4WpDMsMRWpS6qfxY/6DJvREA=,cxJErriT7ob5pGJGZq+Q/PU+LCU=
-54,-177,pMz4WpDMsMRWpS6qfxY/6DJvREA=,cxJErriT7ob5pGJGZq+Q/PU+LCU=
-56,-177,pMz4WpDMsMRWpS6qfxY/6DJvREA=,cxJErriT7ob5pGJGZq+Q/PU+LCU=
-52,-177,pMz4WpDMsMRWpS6qfxY/6DJvREA=,cxJErriT7ob5pGJGZq+Q/PU+LCU=
-55,-177,pMz4WpDMsMRWpS6qfxY/6DJvREA=,cxJErriT7ob5pGJGZq+Q/PU+LCU=
-60,-177,pMz4WpDMsMRWpS6qfxY/6DJvREA=,cxJErriT7ob5pGJGZq+Q/PU+LCU=
-57,-177,pMz4WpDMsMRWpS6qfxY/6DJvREA=,cxJErriT7ob5pGJGZq+Q/PU+LCU=
-58,-177,pMz4WpDMsMRWpS6qfxY/6DJvREA=,cxJErriT7ob5pGJGZq+Q/PU+LCU=
-61,-177,pMz4WpDMsMRWpS6qfxY/6DJvREA=,cxJErriT7ob5pGJGZq+Q/PU+LCU=
-59,-177,pMz4WpDMsMRWpS6qfxY/6DJvREA=,cxJErriT7ob5pGJGZq+Q/PU+LCU=
-50,-178,pMz4WpDMsMRWpS6qfxY/6DJvREA=,cxJErriT7ob5pGJGZq+Q/PU+LCU=
-55,-191,pMz4WpDMsMRWpS6qfxY/6DJvREA=,cxJErriT7ob5pGJGZq+Q/PU+LCU=
-62,-177,pMz4WpDMsMRWpS6qfxY/6DJvREA=,cxJErriT7ob5pGJGZq+Q/PU+LCU=
-49,-178,pMz4WpDMsMRWpS6qfxY/6DJvREA=,cxJErriT7ob5pGJGZq+Q/PU+LCU=
-63,-177,pMz4WpDMsMRWpS6qfxY/6DJvREA=,cxJErriT7ob5pGJGZq+Q/PU+LCU=
-64,-177,pMz4WpDMsMRWpS6qfxY/6DJvREA=,cxJErriT7ob5pGJGZq+Q/PU+LCU=
-52,-178,pMz4WpDMsMRWpS6qfxY/6DJvREA=,cxJErriT7ob5pGJGZq+Q/PU+LCU=
-53,-178,pMz4WpDMsMRWpS6qfxY/6DJvREA=,cxJErriT7ob5pGJGZq+Q/PU+LCU=
-54,-191,pMz4WpDMsMRWpS6qfxY/6DJvREA=,cxJErriT7ob5pGJGZq+Q/PU+LCU=
-51,-178,pMz4WpDMsMRWpS6qfxY/6DJvREA=,cxJErriT7ob5pGJGZq+Q/PU+LCU=
-55,-178,pMz4WpDMsMRWpS6qfxY/6DJvREA=,cxJErriT7ob5pGJGZq+Q/PU+LCU=
-58,-178,pMz4WpDMsMRWpS6qfxY/6DJvREA=,cxJErriT7ob5pGJGZq+Q/PU+LCU=
-57,-178,pMz4WpDMsMRWpS6qfxY/6DJvREA=,cxJErriT7ob5pGJGZq+Q/PU+LCU=
-59,-178,pMz4WpDMsMRWpS6qfxY/6DJvREA=,cxJErriT7ob5pGJGZq+Q/PU+LCU=
-56,-178,pMz4WpDMsMRWpS6qfxY/6DJvREA=,cxJErriT7ob5pGJGZq+Q/PU+LCU=
-53,-191,pMz4WpDMsMRWpS6qfxY/6DJvREA=,cxJErriT7ob5pGJGZq+Q/PU+LCU=
-54,-178,pMz4WpDMsMRWpS6qfxY/6DJvREA=,cxJErriT7ob5pGJGZq+Q/PU+LCU=
-60,-178,pMz4WpDMsMRWpS6qfxY/6DJvREA=,cxJErriT7ob5pGJGZq+Q/PU+LCU=
-52,-191,pMz4WpDMsMRWpS6qfxY/6DJvREA=,cxJErriT7ob5pGJGZq+Q/PU+LCU=
-64,-178,pMz4WpDMsMRWpS6qfxY/6DJvREA=,cxJErriT7ob5pGJGZq+Q/PU+LCU=
-63,-178,pMz4WpDMsMRWpS6qfxY/6DJvREA=,cxJErriT7ob5pGJGZq+Q/PU+LCU=
-61,-178,pMz4WpDMsMRWpS6qfxY/6DJvREA=,cxJErriT7ob5pGJGZq+Q/PU+LCU=
-51,-191,pMz4WpDMsMRWpS6qfxY/6DJvREA=,cxJErriT7ob5pGJGZq+Q/PU+LCU=
-62,-178,pMz4WpDMsMRWpS6qfxY/6DJvREA=,cxJErriT7ob5pGJGZq+Q/PU+LCU=
-63,-190,pMz4WpDMsMRWpS6qfxY/6DJvREA=,cxJErriT7ob5pGJGZq+Q/PU+LCU=
-64,-190,pMz4WpDMsMRWpS6qfxY/6DJvREA=,cxJErriT7ob5pGJGZq+Q/PU+LCU=
-50,-191,pMz4WpDMsMRWpS6qfxY/6DJvREA=,cxJErriT7ob5pGJGZq+Q/PU+LCU=
-49,-191,pMz4WpDMsMRWpS6qfxY/6DJvREA=,cxJErriT7ob5pGJGZq+Q/PU+LCU=
-62,-190,pMz4WpDMsMRWpS6qfxY/6DJvREA=,cxJErriT7ob5pGJGZq+Q/PU+LCU=
-58,-190,pMz4WpDMsMRWpS6qfxY/6DJvREA=,cxJErriT7ob5pGJGZq+Q/PU+LCU=
-60,-190,pMz4WpDMsMRWpS6qfxY/6DJvREA=,cxJErriT7ob5pGJGZq+Q/PU+LCU=
-59,-190,pMz4WpDMsMRWpS6qfxY/6DJvREA=,cxJErriT7ob5pGJGZq+Q/PU+LCU=
-56,-190,pMz4WpDMsMRWpS6qfxY/6DJvREA=,cxJErriT7ob5pGJGZq+Q/PU+LCU=
-57,-190,pMz4WpDMsMRWpS6qfxY/6DJvREA=,cxJErriT7ob5pGJGZq+Q/PU+LCU=
-61,-190,pMz4WpDMsMRWpS6qfxY/6DJvREA=,cxJErriT7ob5pGJGZq+Q/PU+LCU=
-55,-190,pMz4WpDMsMRWpS6qfxY/6DJvREA=,cxJErriT7ob5pGJGZq+Q/PU+LCU=
-52,-190,pMz4WpDMsMRWpS6qfxY/6DJvREA=,cxJErriT7ob5pGJGZq+Q/PU+LCU=
-53,-190,pMz4WpDMsMRWpS6qfxY/6DJvREA=,cxJErriT7ob5pGJGZq+Q/PU+LCU=
-54,-190,pMz4WpDMsMRWpS6qfxY/6DJvREA=,cxJErriT7ob5pGJGZq+Q/PU+LCU=
-50,-190,pMz4WpDMsMRWpS6qfxY/6DJvREA=,cxJErriT7ob5pGJGZq+Q/PU+LCU=
-49,-190,pMz4WpDMsMRWpS6qfxY/6DJvREA=,cxJErriT7ob5pGJGZq+Q/PU+LCU=
-63,-189,pMz4WpDMsMRWpS6qfxY/6DJvREA=,cxJErriT7ob5pGJGZq+Q/PU+LCU=
-51,-190,pMz4WpDMsMRWpS6qfxY/6DJvREA=,cxJErriT7ob5pGJGZq+Q/PU+LCU=
-64,-189,pMz4WpDMsMRWpS6qfxY/6DJvREA=,cxJErriT7ob5pGJGZq+Q/PU+LCU=
-62,-189,pMz4WpDMsMRWpS6qfxY/6DJvREA=,cxJErriT7ob5pGJGZq+Q/PU+LCU=
-58,-189,pMz4WpDMsMRWpS6qfxY/6DJvREA=,cxJErriT7ob5pGJGZq+Q/PU+LCU=
-60,-189,pMz4WpDMsMRWpS6qfxY/6DJvREA=,cxJErriT7ob5pGJGZq+Q/PU+LCU=
-59,-189,pMz4WpDMsMRWpS6qfxY/6DJvREA=,cxJErriT7ob5pGJGZq+Q/PU+LCU=
-56,-189,pMz4WpDMsMRWpS6qfxY/6DJvREA=,cxJErriT7ob5pGJGZq+Q/PU+LCU=
-57,-189,pMz4WpDMsMRWpS6qfxY/6DJvREA=,cxJErriT7ob5pGJGZq+Q/PU+LCU=
-55,-189,pMz4WpDMsMRWpS6qfxY/6DJvREA=,cxJErriT7ob5pGJGZq+Q/PU+LCU=
-61,-189,pMz4WpDMsMRWpS6qfxY/6DJvREA=,cxJErriT7ob5pGJGZq+Q/PU+LCU=
-54,-189,pMz4WpDMsMRWpS6qfxY/6DJvREA=,cxJErriT7ob5pGJGZq+Q/PU+LCU=
-53,-189,pMz4WpDMsMRWpS6qfxY/6DJvREA=,cxJErriT7ob5pGJGZq+Q/PU+LCU=
-52,-189,pMz4WpDMsMRWpS6qfxY/6DJvREA=,cxJErriT7ob5pGJGZq+Q/PU+LCU=
-50,-189,pMz4WpDMsMRWpS6qfxY/6DJvREA=,cxJErriT7ob5pGJGZq+Q/PU+LCU=
-51,-189,pMz4WpDMsMRWpS6qfxY/6DJvREA=,cxJErriT7ob5pGJGZq+Q/PU+LCU=
-49,-189,pMz4WpDMsMRWpS6qfxY/6DJvREA=,cxJErriT7ob5pGJGZq+Q/PU+LCU=
-64,-188,pMz4WpDMsMRWpS6qfxY/6DJvREA=,cxJErriT7ob5pGJGZq+Q/PU+LCU=
-63,-188,pMz4WpDMsMRWpS6qfxY/6DJvREA=,cxJErriT7ob5pGJGZq+Q/PU+LCU=
-62,-188,pMz4WpDMsMRWpS6qfxY/6DJvREA=,cxJErriT7ob5pGJGZq+Q/PU+LCU=
-60,-188,pMz4WpDMsMRWpS6qfxY/6DJvREA=,cxJErriT7ob5pGJGZq+Q/PU+LCU=
-61,-188,pMz4WpDMsMRWpS6qfxY/6DJvREA=,cxJErriT7ob5pGJGZq+Q/PU+LCU=
-58,-188,pMz4WpDMsMRWpS6qfxY/6DJvREA=,cxJErriT7ob5pGJGZq+Q/PU+LCU=
-57,-188,pMz4WpDMsMRWpS6qfxY/6DJvREA=,cxJErriT7ob5pGJGZq+Q/PU+LCU=
-56,-188,pMz4WpDMsMRWpS6qfxY/6DJvREA=,cxJErriT7ob5pGJGZq+Q/PU+LCU=
-59,-188,pMz4WpDMsMRWpS6qfxY/6DJvREA=,cxJErriT7ob5pGJGZq+Q/PU+LCU=
-53,-188,pMz4WpDMsMRWpS6qfxY/6DJvREA=,cxJErriT7ob5pGJGZq+Q/PU+LCU=
-52,-188,pMz4WpDMsMRWpS6qfxY/6DJvREA=,cxJErriT7ob5pGJGZq+Q/PU+LCU=
-54,-188,pMz4WpDMsMRWpS6qfxY/6DJvREA=,cxJErriT7ob5pGJGZq+Q/PU+LCU=
-51,-188,pMz4WpDMsMRWpS6qfxY/6DJvREA=,cxJErriT7ob5pGJGZq+Q/PU+LCU=
-50,-188,pMz4WpDMsMRWpS6qfxY/6DJvREA=,cxJErriT7ob5pGJGZq+Q/PU+LCU=
-55,-188,pMz4WpDMsMRWpS6qfxY/6DJvREA=,cxJErriT7ob5pGJGZq+Q/PU+LCU=
-63,-187,pMz4WpDMsMRWpS6qfxY/6DJvREA=,cxJErriT7ob5pGJGZq+Q/PU+LCU=
-49,-188,pMz4WpDMsMRWpS6qfxY/6DJvREA=,cxJErriT7ob5pGJGZq+Q/PU+LCU=
-62,-187,pMz4WpDMsMRWpS6qfxY/6DJvREA=,cxJErriT7ob5pGJGZq+Q/PU+LCU=
-60,-187,pMz4WpDMsMRWpS6qfxY/6DJvREA=,cxJErriT7ob5pGJGZq+Q/PU+LCU=
-61,-187,pMz4WpDMsMRWpS6qfxY/6DJvREA=,cxJErriT7ob5pGJGZq+Q/PU+LCU=
-64,-187,pMz4WpDMsMRWpS6qfxY/6DJvREA=,cxJErriT7ob5pGJGZq+Q/PU+LCU=
-59,-187,pMz4WpDMsMRWpS6qfxY/6DJvREA=,cxJErriT7ob5pGJGZq+Q/PU+LCU=
-57,-187,pMz4WpDMsMRWpS6qfxY/6DJvREA=,cxJErriT7ob5pGJGZq+Q/PU+LCU=
-58,-187,pMz4WpDMsMRWpS6qfxY/6DJvREA=,cxJErriT7ob5pGJGZq+Q/PU+LCU=
-54,-187,pMz4WpDMsMRWpS6qfxY/6DJvREA=,cxJErriT7ob5pGJGZq+Q/PU+LCU=
-52,-187,pMz4WpDMsMRWpS6qfxY/6DJvREA=,cxJErriT7ob5pGJGZq+Q/PU+LCU=
-53,-187,pMz4WpDMsMRWpS6qfxY/6DJvREA=,cxJErriT7ob5pGJGZq+Q/PU+LCU=
-56,-187,pMz4WpDMsMRWpS6qfxY/6DJvREA=,cxJErriT7ob5pGJGZq+Q/PU+LCU=
-51,-187,pMz4WpDMsMRWpS6qfxY/6DJvREA=,cxJErriT7ob5pGJGZq+Q/PU+LCU=
-50,-187,pMz4WpDMsMRWpS6qfxY/6DJvREA=,cxJErriT7ob5pGJGZq+Q/PU+LCU=
-63,-186,pMz4WpDMsMRWpS6qfxY/6DJvREA=,cxJErriT7ob5pGJGZq+Q/PU+LCU=
-55,-187,pMz4WpDMsMRWpS6qfxY/6DJvREA=,cxJErriT7ob5pGJGZq+Q/PU+LCU=
-49,-187,pMz4WpDMsMRWpS6qfxY/6DJvREA=,cxJErriT7ob5pGJGZq+Q/PU+LCU=
-62,-186,pMz4WpDMsMRWpS6qfxY/6DJvREA=,cxJErriT7ob5pGJGZq+Q/PU+LCU=
-61,-186,pMz4WpDMsMRWpS6qfxY/6DJvREA=,cxJErriT7ob5pGJGZq+Q/PU+LCU=
-60,-186,pMz4WpDMsMRWpS6qfxY/6DJvREA=,cxJErriT7ob5pGJGZq+Q/PU+LCU=
-59,-186,pMz4WpDMsMRWpS6qfxY/6DJvREA=,cxJErriT7ob5pGJGZq+Q/PU+LCU=
-64,-186,pMz4WpDMsMRWpS6qfxY/6DJvREA=,cxJErriT7ob5pGJGZq+Q/PU+LCU=
-58,-186,pMz4WpDMsMRWpS6qfxY/6DJvREA=,cxJErriT7ob5pGJGZq+Q/PU+LCU=
-57,-186,pMz4WpDMsMRWpS6qfxY/6DJvREA=,cxJErriT7ob5pGJGZq+Q/PU+LCU=
-54,-186,pMz4WpDMsMRWpS6qfxY/6DJvREA=,cxJErriT7ob5pGJGZq+Q/PU+LCU=
-55,-186,pMz4WpDMsMRWpS6qfxY/6DJvREA=,cxJErriT7ob5pGJGZq+Q/PU+LCU=
-53,-186,pMz4WpDMsMRWpS6qfxY/6DJvREA=,cxJErriT7ob5pGJGZq+Q/PU+LCU=
-56,-186,pMz4WpDMsMRWpS6qfxY/6DJvREA=,cxJErriT7ob5pGJGZq+Q/PU+LCU=
-52,-186,pMz4WpDMsMRWpS6qfxY/6DJvREA=,cxJErriT7ob5pGJGZq+Q/PU+LCU=
-49,-186,pMz4WpDMsMRWpS6qfxY/6DJvREA=,cxJErriT7ob5pGJGZq+Q/PU+LCU=
-51,-186,pMz4WpDMsMRWpS6qfxY/6DJvREA=,cxJErriT7ob5pGJGZq+Q/PU+LCU=
-63,-185,pMz4WpDMsMRWpS6qfxY/6DJvREA=,cxJErriT7ob5pGJGZq+Q/PU+LCU=
-64,-185,pMz4WpDMsMRWpS6qfxY/6DJvREA=,cxJErriT7ob5pGJGZq+Q/PU+LCU=
-62,-185,pMz4WpDMsMRWpS6qfxY/6DJvREA=,cxJErriT7ob5pGJGZq+Q/PU+LCU=
-61,-185,pMz4WpDMsMRWpS6qfxY/6DJvREA=,cxJErriT7ob5pGJGZq+Q/PU+LCU=
-50,-186,pMz4WpDMsMRWpS6qfxY/6DJvREA=,cxJErriT7ob5pGJGZq+Q/PU+LCU=
-59,-185,pMz4WpDMsMRWpS6qfxY/6DJvREA=,cxJErriT7ob5pGJGZq+Q/PU+LCU=
-60,-185,pMz4WpDMsMRWpS6qfxY/6DJvREA=,cxJErriT7ob5pGJGZq+Q/PU+LCU=
-58,-185,pMz4WpDMsMRWpS6qfxY/6DJvREA=,cxJErriT7ob5pGJGZq+Q/PU+LCU=
-55,-185,pMz4WpDMsMRWpS6qfxY/6DJvREA=,cxJErriT7ob5pGJGZq+Q/PU+LCU=
-54,-185,pMz4WpDMsMRWpS6qfxY/6DJvREA=,cxJErriT7ob5pGJGZq+Q/PU+LCU=
-57,-185,pMz4WpDMsMRWpS6qfxY/6DJvREA=,cxJErriT7ob5pGJGZq+Q/PU+LCU=
-53,-185,pMz4WpDMsMRWpS6qfxY/6DJvREA=,cxJErriT7ob5pGJGZq+Q/PU+LCU=
-52,-185,pMz4WpDMsMRWpS6qfxY/6DJvREA=,cxJErriT7ob5pGJGZq+Q/PU+LCU=
-56,-185,pMz4WpDMsMRWpS6qfxY/6DJvREA=,cxJErriT7ob5pGJGZq+Q/PU+LCU=
-51,-185,pMz4WpDMsMRWpS6qfxY/6DJvREA=,cxJErriT7ob5pGJGZq+Q/PU+LCU=
-64,-184,pMz4WpDMsMRWpS6qfxY/6DJvREA=,cxJErriT7ob5pGJGZq+Q/PU+LCU=
-49,-185,pMz4WpDMsMRWpS6qfxY/6DJvREA=,cxJErriT7ob5pGJGZq+Q/PU+LCU=
-50,-185,pMz4WpDMsMRWpS6qfxY/6DJvREA=,cxJErriT7ob5pGJGZq+Q/PU+LCU=
-63,-184,pMz4WpDMsMRWpS6qfxY/6DJvREA=,cxJErriT7ob5pGJGZq+Q/PU+LCU=
-62,-184,pMz4WpDMsMRWpS6qfxY/6DJvREA=,cxJErriT7ob5pGJGZq+Q/PU+LCU=
-61,-184,pMz4WpDMsMRWpS6qfxY/6DJvREA=,cxJErriT7ob5pGJGZq+Q/PU+LCU=
-60,-184,pMz4WpDMsMRWpS6qfxY/6DJvREA=,cxJErriT7ob5pGJGZq+Q/PU+LCU=
-57,-184,pMz4WpDMsMRWpS6qfxY/6DJvREA=,cxJErriT7ob5pGJGZq+Q/PU+LCU=
-58,-184,pMz4WpDMsMRWpS6qfxY/6DJvREA=,cxJErriT7ob5pGJGZq+Q/PU+LCU=
-59,-184,pMz4WpDMsMRWpS6qfxY/6DJvREA=,cxJErriT7ob5pGJGZq+Q/PU+LCU=
-54,-184,pMz4WpDMsMRWpS6qfxY/6DJvREA=,cxJErriT7ob5pGJGZq+Q/PU+LCU=
-53,-184,pMz4WpDMsMRWpS6qfxY/6DJvREA=,cxJErriT7ob5pGJGZq+Q/PU+LCU=
-56,-184,pMz4WpDMsMRWpS6qfxY/6DJvREA=,cxJErriT7ob5pGJGZq+Q/PU+LCU=
-55,-184,pMz4WpDMsMRWpS6qfxY/6DJvREA=,cxJErriT7ob5pGJGZq+Q/PU+LCU=
-52,-184,pMz4WpDMsMRWpS6qfxY/6DJvREA=,cxJErriT7ob5pGJGZq+Q/PU+LCU=
-51,-184,pMz4WpDMsMRWpS6qfxY/6DJvREA=,cxJErriT7ob5pGJGZq+Q/PU+LCU=
-64,-183,pMz4WpDMsMRWpS6qfxY/6DJvREA=,cxJErriT7ob5pGJGZq+Q/PU+LCU=
-50,-184,pMz4WpDMsMRWpS6qfxY/6DJvREA=,cxJErriT7ob5pGJGZq+Q/PU+LCU=
-49,-184,pMz4WpDMsMRWpS6qfxY/6DJvREA=,cxJErriT7ob5pGJGZq+Q/PU+LCU=
-62,-183,pMz4WpDMsMRWpS6qfxY/6DJvREA=,cxJErriT7ob5pGJGZq+Q/PU+LCU=
-61,-183,pMz4WpDMsMRWpS6qfxY/6DJvREA=,cxJErriT7ob5pGJGZq+Q/PU+LCU=
-63,-183,pMz4WpDMsMRWpS6qfxY/6DJvREA=,cxJErriT7ob5pGJGZq+Q/PU+LCU=
-60,-183,pMz4WpDMsMRWpS6qfxY/6DJvREA=,cxJErriT7ob5pGJGZq+Q/PU+LCU=
-59,-183,pMz4WpDMsMRWpS6qfxY/6DJvREA=,cxJErriT7ob5pGJGZq+Q/PU+LCU=
-58,-183,pMz4WpDMsMRWpS6qfxY/6DJvREA=,cxJErriT7ob5pGJGZq+Q/PU+LCU=
-56,-183,pMz4WpDMsMRWpS6qfxY/6DJvREA=,cxJErriT7ob5pGJGZq+Q/PU+LCU=
-57,-183,pMz4WpDMsMRWpS6qfxY/6DJvREA=,cxJErriT7ob5pGJGZq+Q/PU+LCU=
-55,-183,pMz4WpDMsMRWpS6qfxY/6DJvREA=,cxJErriT7ob5pGJGZq+Q/PU+LCU=
-53,-183,pMz4WpDMsMRWpS6qfxY/6DJvREA=,cxJErriT7ob5pGJGZq+Q/PU+LCU=
-54,-183,pMz4WpDMsMRWpS6qfxY/6DJvREA=,cxJErriT7ob5pGJGZq+Q/PU+LCU=
-52,-183,pMz4WpDMsMRWpS6qfxY/6DJvREA=,cxJErriT7ob5pGJGZq+Q/PU+LCU=
-64,-182,pMz4WpDMsMRWpS6qfxY/6DJvREA=,cxJErriT7ob5pGJGZq+Q/PU+LCU=
-51,-183,pMz4WpDMsMRWpS6qfxY/6DJvREA=,cxJErriT7ob5pGJGZq+Q/PU+LCU=
-63,-182,pMz4WpDMsMRWpS6qfxY/6DJvREA=,cxJErriT7ob5pGJGZq+Q/PU+LCU=
-50,-183,pMz4WpDMsMRWpS6qfxY/6DJvREA=,cxJErriT7ob5pGJGZq+Q/PU+LCU=
-61,-182,pMz4WpDMsMRWpS6qfxY/6DJvREA=,cxJErriT7ob5pGJGZq+Q/PU+LCU=
-49,-183,pMz4WpDMsMRWpS6qfxY/6DJvREA=,cxJErriT7ob5pGJGZq+Q/PU+LCU=
-62,-182,pMz4WpDMsMRWpS6qfxY/6DJvREA=,cxJErriT7ob5pGJGZq+Q/PU+LCU=
-59,-182,pMz4WpDMsMRWpS6qfxY/6DJvREA=,cxJErriT7ob5pGJGZq+Q/PU+LCU=
-60,-182,pMz4WpDMsMRWpS6qfxY/6DJvREA=,cxJErriT7ob5pGJGZq+Q/PU+LCU=
-57,-182,pMz4WpDMsMRWpS6qfxY/6DJvREA=,cxJErriT7ob5pGJGZq+Q/PU+LCU=
-56,-182,pMz4WpDMsMRWpS6qfxY/6DJvREA=,cxJErriT7ob5pGJGZq+Q/PU+LCU=
-55,-182,pMz4WpDMsMRWpS6qfxY/6DJvREA=,cxJErriT7ob5pGJGZq+Q/PU+LCU=
-58,-182,pMz4WpDMsMRWpS6qfxY/6DJvREA=,cxJErriT7ob5pGJGZq+Q/PU+LCU=
-54,-182,pMz4WpDMsMRWpS6qfxY/6DJvREA=,cxJErriT7ob5pGJGZq+Q/PU+LCU=
-53,-182,pMz4WpDMsMRWpS6qfxY/6DJvREA=,cxJErriT7ob5pGJGZq+Q/PU+LCU=
-50,-182,pMz4WpDMsMRWpS6qfxY/6DJvREA=,cxJErriT7ob5pGJGZq+Q/PU+LCU=
-64,-181,pMz4WpDMsMRWpS6qfxY/6DJvREA=,cxJErriT7ob5pGJGZq+Q/PU+LCU=
-52,-182,pMz4WpDMsMRWpS6qfxY/6DJvREA=,cxJErriT7ob5pGJGZq+Q/PU+LCU=
-49,-182,pMz4WpDMsMRWpS6qfxY/6DJvREA=,cxJErriT7ob5pGJGZq+Q/PU+LCU=
-51,-182,pMz4WpDMsMRWpS6qfxY/6DJvREA=,cxJErriT7ob5pGJGZq+Q/PU+LCU=
-61,-181,pMz4WpDMsMRWpS6qfxY/6DJvREA=,cxJErriT7ob5pGJGZq+Q/PU+LCU=
-62,-181,pMz4WpDMsMRWpS6qfxY/6DJvREA=,cxJErriT7ob5pGJGZq+Q/PU+LCU=
-63,-181,pMz4WpDMsMRWpS6qfxY/6DJvREA=,cxJErriT7ob5pGJGZq+Q/PU+LCU=
-60,-181,pMz4WpDMsMRWpS6qfxY/6DJvREA=,cxJErriT7ob5pGJGZq+Q/PU+LCU=
-59,-181,pMz4WpDMsMRWpS6qfxY/6DJvREA=,cxJErriT7ob5pGJGZq+Q/PU+LCU=
-57,-181,pMz4WpDMsMRWpS6qfxY/6DJvREA=,cxJErriT7ob5pGJGZq+Q/PU+LCU=
-56,-181,pMz4WpDMsMRWpS6qfxY/6DJvREA=,cxJErriT7ob5pGJGZq+Q/PU+LCU=
-58,-181,pMz4WpDMsMRWpS6qfxY/6DJvREA=,cxJErriT7ob5pGJGZq+Q/PU+LCU=
-54,-181,pMz4WpDMsMRWpS6qfxY/6DJvREA=,cxJErriT7ob5pGJGZq+Q/PU+LCU=
-55,-181,pMz4WpDMsMRWpS6qfxY/6DJvREA=,cxJErriT7ob5pGJGZq+Q/PU+LCU=
-53,-181,pMz4WpDMsMRWpS6qfxY/6DJvREA=,cxJErriT7ob5pGJGZq+Q/PU+LCU=
-50,-181,pMz4WpDMsMRWpS6qfxY/6DJvREA=,cxJErriT7ob5pGJGZq+Q/PU+LCU=
-49,-181,pMz4WpDMsMRWpS6qfxY/6DJvREA=,cxJErriT7ob5pGJGZq+Q/PU+LCU=
-64,-180,pMz4WpDMsMRWpS6qfxY/6DJvREA=,cxJErriT7ob5pGJGZq+Q/PU+LCU=
-52,-181,pMz4WpDMsMRWpS6qfxY/6DJvREA=,cxJErriT7ob5pGJGZq+Q/PU+LCU=
-51,-181,pMz4WpDMsMRWpS6qfxY/6DJvREA=,cxJErriT7ob5pGJGZq+Q/PU+LCU=
-60,-180,pMz4WpDMsMRWpS6qfxY/6DJvREA=,cxJErriT7ob5pGJGZq+Q/PU+LCU=
-61,-180,pMz4WpDMsMRWpS6qfxY/6DJvREA=,cxJErriT7ob5pGJGZq+Q/PU+LCU=
-59,-180,pMz4WpDMsMRWpS6qfxY/6DJvREA=,cxJErriT7ob5pGJGZq+Q/PU+LCU=
-57,-180,pMz4WpDMsMRWpS6qfxY/6DJvREA=,cxJErriT7ob5pGJGZq+Q/PU+LCU=
-58,-180,pMz4WpDMsMRWpS6qfxY/6DJvREA=,cxJErriT7ob5pGJGZq+Q/PU+LCU=
-63,-180,pMz4WpDMsMRWpS6qfxY/6DJvREA=,cxJErriT7ob5pGJGZq+Q/PU+LCU=
-56,-180,pMz4WpDMsMRWpS6qfxY/6DJvREA=,cxJErriT7ob5pGJGZq+Q/PU+LCU=
-62,-180,pMz4WpDMsMRWpS6qfxY/6DJvREA=,cxJErriT7ob5pGJGZq+Q/PU+LCU=
-55,-180,pMz4WpDMsMRWpS6qfxY/6DJvREA=,cxJErriT7ob5pGJGZq+Q/PU+LCU=
-54,-180,pMz4WpDMsMRWpS6qfxY/6DJvREA=,cxJErriT7ob5pGJGZq+Q/PU+LCU=
-50,-180,pMz4WpDMsMRWpS6qfxY/6DJvREA=,cxJErriT7ob5pGJGZq+Q/PU+LCU=
-53,-180,pMz4WpDMsMRWpS6qfxY/6DJvREA=,cxJErriT7ob5pGJGZq+Q/PU+LCU=
-51,-180,pMz4WpDMsMRWpS6qfxY/6DJvREA=,cxJErriT7ob5pGJGZq+Q/PU+LCU=
-52,-180,pMz4WpDMsMRWpS6qfxY/6DJvREA=,cxJErriT7ob5pGJGZq+Q/PU+LCU=
-49,-180,pMz4WpDMsMRWpS6qfxY/6DJvREA=,cxJErriT7ob5pGJGZq+Q/PU+LCU=
-61,-179,pMz4WpDMsMRWpS6qfxY/6DJvREA=,cxJErriT7ob5pGJGZq+Q/PU+LCU=
-64,-179,pMz4WpDMsMRWpS6qfxY/6DJvREA=,cxJErriT7ob5pGJGZq+Q/PU+LCU=
-60,-179,pMz4WpDMsMRWpS6qfxY/6DJvREA=,cxJErriT7ob5pGJGZq+Q/PU+LCU=
-58,-179,pMz4WpDMsMRWpS6qfxY/6DJvREA=,cxJErriT7ob5pGJGZq+Q/PU+LCU=
-63,-179,pMz4WpDMsMRWpS6qfxY/6DJvREA=,cxJErriT7ob5pGJGZq+Q/PU+LCU=
-57,-179,pMz4WpDMsMRWpS6qfxY/6DJvREA=,cxJErriT7ob5pGJGZq+Q/PU+LCU=
-59,-179,pMz4WpDMsMRWpS6qfxY/6DJvREA=,cxJErriT7ob5pGJGZq+Q/PU+LCU=
-56,-179,pMz4WpDMsMRWpS6qfxY/6DJvREA=,cxJErriT7ob5pGJGZq+Q/PU+LCU=
-53,-179,pMz4WpDMsMRWpS6qfxY/6DJvREA=,cxJErriT7ob5pGJGZq+Q/PU+LCU=
-62,-179,pMz4WpDMsMRWpS6qfxY/6DJvREA=,cxJErriT7ob5pGJGZq+Q/PU+LCU=
-52,-179,pMz4WpDMsMRWpS6qfxY/6DJvREA=,cxJErriT7ob5pGJGZq+Q/PU+LCU=
-55,-179,pMz4WpDMsMRWpS6qfxY/6DJvREA=,cxJErriT7ob5pGJGZq+Q/PU+LCU=
-51,-179,pMz4WpDMsMRWpS6qfxY/6DJvREA=,cxJErriT7ob5pGJGZq+Q/PU+LCU=
-54,-179,pMz4WpDMsMRWpS6qfxY/6DJvREA=,cxJErriT7ob5pGJGZq+Q/PU+LCU=
-50,-179,pMz4WpDMsMRWpS6qfxY/6DJvREA=,cxJErriT7ob5pGJGZq+Q/PU+LCU=
-49,-179,pMz4WpDMsMRWpS6qfxY/6DJvREA=,cxJErriT7ob5pGJGZq+Q/PU+LCU=
-33,-191,nk+3Hjrg4WwkFrkARHYNaw6zzVQ=,cxJErriT7ob5pGJGZq+Q/PU+LCU=
-34,-191,nk+3Hjrg4WwkFrkARHYNaw6zzVQ=,cxJErriT7ob5pGJGZq+Q/PU+LCU=
-35,-191,nk+3Hjrg4WwkFrkARHYNaw6zzVQ=,cxJErriT7ob5pGJGZq+Q/PU+LCU=
-36,-191,nk+3Hjrg4WwkFrkARHYNaw6zzVQ=,cxJErriT7ob5pGJGZq+Q/PU+LCU=
-37,-191,nk+3Hjrg4WwkFrkARHYNaw6zzVQ=,cxJErriT7ob5pGJGZq+Q/PU+LCU=
-41,-190,nk+3Hjrg4WwkFrkARHYNaw6zzVQ=,cxJErriT7ob5pGJGZq+Q/PU+LCU=
-40,-190,nk+3Hjrg4WwkFrkARHYNaw6zzVQ=,cxJErriT7ob5pGJGZq+Q/PU+LCU=
-39,-190,nk+3Hjrg4WwkFrkARHYNaw6zzVQ=,cxJErriT7ob5pGJGZq+Q/PU+LCU=
-38,-190,nk+3Hjrg4WwkFrkARHYNaw6zzVQ=,cxJErriT7ob5pGJGZq+Q/PU+LCU=
-37,-190,nk+3Hjrg4WwkFrkARHYNaw6zzVQ=,cxJErriT7ob5pGJGZq+Q/PU+LCU=
-36,-190,nk+3Hjrg4WwkFrkARHYNaw6zzVQ=,cxJErriT7ob5pGJGZq+Q/PU+LCU=
-35,-190,nk+3Hjrg4WwkFrkARHYNaw6zzVQ=,cxJErriT7ob5pGJGZq+Q/PU+LCU=
-34,-190,nk+3Hjrg4WwkFrkARHYNaw6zzVQ=,cxJErriT7ob5pGJGZq+Q/PU+LCU=
-33,-190,nk+3Hjrg4WwkFrkARHYNaw6zzVQ=,cxJErriT7ob5pGJGZq+Q/PU+LCU=
-45,-191,nk+3Hjrg4WwkFrkARHYNaw6zzVQ=,cxJErriT7ob5pGJGZq+Q/PU+LCU=
-48,-192,nk+3Hjrg4WwkFrkARHYNaw6zzVQ=,cxJErriT7ob5pGJGZq+Q/PU+LCU=
-45,-190,nk+3Hjrg4WwkFrkARHYNaw6zzVQ=,cxJErriT7ob5pGJGZq+Q/PU+LCU=
-33,-177,nk+3Hjrg4WwkFrkARHYNaw6zzVQ=,cxJErriT7ob5pGJGZq+Q/PU+LCU=
-48,-189,nk+3Hjrg4WwkFrkARHYNaw6zzVQ=,cxJErriT7ob5pGJGZq+Q/PU+LCU=
-47,-191,nk+3Hjrg4WwkFrkARHYNaw6zzVQ=,cxJErriT7ob5pGJGZq+Q/PU+LCU=
-48,-191,nk+3Hjrg4WwkFrkARHYNaw6zzVQ=,cxJErriT7ob5pGJGZq+Q/PU+LCU=
-47,-189,nk+3Hjrg4WwkFrkARHYNaw6zzVQ=,cxJErriT7ob5pGJGZq+Q/PU+LCU=
-44,-191,nk+3Hjrg4WwkFrkARHYNaw6zzVQ=,cxJErriT7ob5pGJGZq+Q/PU+LCU=
-46,-191,nk+3Hjrg4WwkFrkARHYNaw6zzVQ=,cxJErriT7ob5pGJGZq+Q/PU+LCU=
-34,-177,nk+3Hjrg4WwkFrkARHYNaw6zzVQ=,cxJErriT7ob5pGJGZq+Q/PU+LCU=
-35,-177,nk+3Hjrg4WwkFrkARHYNaw6zzVQ=,cxJErriT7ob5pGJGZq+Q/PU+LCU=
-46,-190,nk+3Hjrg4WwkFrkARHYNaw6zzVQ=,cxJErriT7ob5pGJGZq+Q/PU+LCU=
-46,-192,nk+3Hjrg4WwkFrkARHYNaw6zzVQ=,cxJErriT7ob5pGJGZq+Q/PU+LCU=
-47,-192,nk+3Hjrg4WwkFrkARHYNaw6zzVQ=,cxJErriT7ob5pGJGZq+Q/PU+LCU=
-37,-177,nk+3Hjrg4WwkFrkARHYNaw6zzVQ=,cxJErriT7ob5pGJGZq+Q/PU+LCU=
-36,-177,nk+3Hjrg4WwkFrkARHYNaw6zzVQ=,cxJErriT7ob5pGJGZq+Q/PU+LCU=
-46,-189,nk+3Hjrg4WwkFrkARHYNaw6zzVQ=,cxJErriT7ob5pGJGZq+Q/PU+LCU=
-42,-191,nk+3Hjrg4WwkFrkARHYNaw6zzVQ=,cxJErriT7ob5pGJGZq+Q/PU+LCU=
-44,-190,nk+3Hjrg4WwkFrkARHYNaw6zzVQ=,cxJErriT7ob5pGJGZq+Q/PU+LCU=
-47,-190,nk+3Hjrg4WwkFrkARHYNaw6zzVQ=,cxJErriT7ob5pGJGZq+Q/PU+LCU=
-48,-190,nk+3Hjrg4WwkFrkARHYNaw6zzVQ=,cxJErriT7ob5pGJGZq+Q/PU+LCU=
-39,-191,nk+3Hjrg4WwkFrkARHYNaw6zzVQ=,cxJErriT7ob5pGJGZq+Q/PU+LCU=
-43,-190,nk+3Hjrg4WwkFrkARHYNaw6zzVQ=,cxJErriT7ob5pGJGZq+Q/PU+LCU=
-42,-190,nk+3Hjrg4WwkFrkARHYNaw6zzVQ=,cxJErriT7ob5pGJGZq+Q/PU+LCU=
-45,-189,nk+3Hjrg4WwkFrkARHYNaw6zzVQ=,cxJErriT7ob5pGJGZq+Q/PU+LCU=
-39,-177,nk+3Hjrg4WwkFrkARHYNaw6zzVQ=,cxJErriT7ob5pGJGZq+Q/PU+LCU=
-38,-177,nk+3Hjrg4WwkFrkARHYNaw6zzVQ=,cxJErriT7ob5pGJGZq+Q/PU+LCU=
-44,-189,nk+3Hjrg4WwkFrkARHYNaw6zzVQ=,cxJErriT7ob5pGJGZq+Q/PU+LCU=
-41,-177,nk+3Hjrg4WwkFrkARHYNaw6zzVQ=,cxJErriT7ob5pGJGZq+Q/PU+LCU=
-38,-191,nk+3Hjrg4WwkFrkARHYNaw6zzVQ=,cxJErriT7ob5pGJGZq+Q/PU+LCU=
-33,-192,nk+3Hjrg4WwkFrkARHYNaw6zzVQ=,cxJErriT7ob5pGJGZq+Q/PU+LCU=
-43,-191,nk+3Hjrg4WwkFrkARHYNaw6zzVQ=,cxJErriT7ob5pGJGZq+Q/PU+LCU=
-40,-177,nk+3Hjrg4WwkFrkARHYNaw6zzVQ=,cxJErriT7ob5pGJGZq+Q/PU+LCU=
-41,-191,nk+3Hjrg4WwkFrkARHYNaw6zzVQ=,cxJErriT7ob5pGJGZq+Q/PU+LCU=
-44,-177,nk+3Hjrg4WwkFrkARHYNaw6zzVQ=,cxJErriT7ob5pGJGZq+Q/PU+LCU=
-43,-189,U0LoNRzjsxvAB8+0IdY5FICXy7Y=,cxJErriT7ob5pGJGZq+Q/PU+LCU=
-40,-191,U0LoNRzjsxvAB8+0IdY5FICXy7Y=,cxJErriT7ob5pGJGZq+Q/PU+LCU=
-40,-189,U0LoNRzjsxvAB8+0IdY5FICXy7Y=,cxJErriT7ob5pGJGZq+Q/PU+LCU=
-42,-177,U0LoNRzjsxvAB8+0IdY5FICXy7Y=,cxJErriT7ob5pGJGZq+Q/PU+LCU=
-39,-189,U0LoNRzjsxvAB8+0IdY5FICXy7Y=,cxJErriT7ob5pGJGZq+Q/PU+LCU=
-38,-189,U0LoNRzjsxvAB8+0IdY5FICXy7Y=,cxJErriT7ob5pGJGZq+Q/PU+LCU=
-41,-189,U0LoNRzjsxvAB8+0IdY5FICXy7Y=,cxJErriT7ob5pGJGZq+Q/PU+LCU=
-37,-189,U0LoNRzjsxvAB8+0IdY5FICXy7Y=,cxJErriT7ob5pGJGZq+Q/PU+LCU=
-36,-189,U0LoNRzjsxvAB8+0IdY5FICXy7Y=,cxJErriT7ob5pGJGZq+Q/PU+LCU=
-35,-189,U0LoNRzjsxvAB8+0IdY5FICXy7Y=,cxJErriT7ob5pGJGZq+Q/PU+LCU=
-33,-189,U0LoNRzjsxvAB8+0IdY5FICXy7Y=,cxJErriT7ob5pGJGZq+Q/PU+LCU=
-34,-189,U0LoNRzjsxvAB8+0IdY5FICXy7Y=,cxJErriT7ob5pGJGZq+Q/PU+LCU=
-45,-177,U0LoNRzjsxvAB8+0IdY5FICXy7Y=,cxJErriT7ob5pGJGZq+Q/PU+LCU=
-43,-177,U0LoNRzjsxvAB8+0IdY5FICXy7Y=,cxJErriT7ob5pGJGZq+Q/PU+LCU=
-42,-189,U0LoNRzjsxvAB8+0IdY5FICXy7Y=,cxJErriT7ob5pGJGZq+Q/PU+LCU=
-45,-192,U0LoNRzjsxvAB8+0IdY5FICXy7Y=,cxJErriT7ob5pGJGZq+Q/PU+LCU=
-45,-188,U0LoNRzjsxvAB8+0IdY5FICXy7Y=,cxJErriT7ob5pGJGZq+Q/PU+LCU=
-46,-188,U0LoNRzjsxvAB8+0IdY5FICXy7Y=,cxJErriT7ob5pGJGZq+Q/PU+LCU=
-48,-188,U0LoNRzjsxvAB8+0IdY5FICXy7Y=,cxJErriT7ob5pGJGZq+Q/PU+LCU=
-44,-188,U0LoNRzjsxvAB8+0IdY5FICXy7Y=,cxJErriT7ob5pGJGZq+Q/PU+LCU=
-47,-188,U0LoNRzjsxvAB8+0IdY5FICXy7Y=,cxJErriT7ob5pGJGZq+Q/PU+LCU=
-41,-188,U0LoNRzjsxvAB8+0IdY5FICXy7Y=,cxJErriT7ob5pGJGZq+Q/PU+LCU=
-40,-188,U0LoNRzjsxvAB8+0IdY5FICXy7Y=,cxJErriT7ob5pGJGZq+Q/PU+LCU=
-39,-188,U0LoNRzjsxvAB8+0IdY5FICXy7Y=,cxJErriT7ob5pGJGZq+Q/PU+LCU=
-37,-188,U0LoNRzjsxvAB8+0IdY5FICXy7Y=,cxJErriT7ob5pGJGZq+Q/PU+LCU=
-36,-188,U0LoNRzjsxvAB8+0IdY5FICXy7Y=,cxJErriT7ob5pGJGZq+Q/PU+LCU=
-35,-188,U0LoNRzjsxvAB8+0IdY5FICXy7Y=,cxJErriT7ob5pGJGZq+Q/PU+LCU=
-34,-188,U0LoNRzjsxvAB8+0IdY5FICXy7Y=,cxJErriT7ob5pGJGZq+Q/PU+LCU=
-33,-188,U0LoNRzjsxvAB8+0IdY5FICXy7Y=,cxJErriT7ob5pGJGZq+Q/PU+LCU=
-38,-188,U0LoNRzjsxvAB8+0IdY5FICXy7Y=,cxJErriT7ob5pGJGZq+Q/PU+LCU=
-43,-188,U0LoNRzjsxvAB8+0IdY5FICXy7Y=,cxJErriT7ob5pGJGZq+Q/PU+LCU=
-42,-188,U0LoNRzjsxvAB8+0IdY5FICXy7Y=,cxJErriT7ob5pGJGZq+Q/PU+LCU=
-48,-187,U0LoNRzjsxvAB8+0IdY5FICXy7Y=,cxJErriT7ob5pGJGZq+Q/PU+LCU=
-44,-192,U0LoNRzjsxvAB8+0IdY5FICXy7Y=,cxJErriT7ob5pGJGZq+Q/PU+LCU=
-46,-187,U0LoNRzjsxvAB8+0IdY5FICXy7Y=,cxJErriT7ob5pGJGZq+Q/PU+LCU=
-47,-187,U0LoNRzjsxvAB8+0IdY5FICXy7Y=,cxJErriT7ob5pGJGZq+Q/PU+LCU=
-45,-187,U0LoNRzjsxvAB8+0IdY5FICXy7Y=,cxJErriT7ob5pGJGZq+Q/PU+LCU=
-44,-187,U0LoNRzjsxvAB8+0IdY5FICXy7Y=,cxJErriT7ob5pGJGZq+Q/PU+LCU=
-43,-187,U0LoNRzjsxvAB8+0IdY5FICXy7Y=,cxJErriT7ob5pGJGZq+Q/PU+LCU=
-39,-187,U0LoNRzjsxvAB8+0IdY5FICXy7Y=,cxJErriT7ob5pGJGZq+Q/PU+LCU=
-38,-187,U0LoNRzjsxvAB8+0IdY5FICXy7Y=,cxJErriT7ob5pGJGZq+Q/PU+LCU=
-37,-187,U0LoNRzjsxvAB8+0IdY5FICXy7Y=,cxJErriT7ob5pGJGZq+Q/PU+LCU=
-36,-187,U0LoNRzjsxvAB8+0IdY5FICXy7Y=,cxJErriT7ob5pGJGZq+Q/PU+LCU=
-35,-187,U0LoNRzjsxvAB8+0IdY5FICXy7Y=,cxJErriT7ob5pGJGZq+Q/PU+LCU=
-34,-187,U0LoNRzjsxvAB8+0IdY5FICXy7Y=,cxJErriT7ob5pGJGZq+Q/PU+LCU=
-33,-187,U0LoNRzjsxvAB8+0IdY5FICXy7Y=,cxJErriT7ob5pGJGZq+Q/PU+LCU=
-40,-187,U0LoNRzjsxvAB8+0IdY5FICXy7Y=,cxJErriT7ob5pGJGZq+Q/PU+LCU=
-41,-187,U0LoNRzjsxvAB8+0IdY5FICXy7Y=,cxJErriT7ob5pGJGZq+Q/PU+LCU=
-43,-192,U0LoNRzjsxvAB8+0IdY5FICXy7Y=,cxJErriT7ob5pGJGZq+Q/PU+LCU=
-42,-187,U0LoNRzjsxvAB8+0IdY5FICXy7Y=,cxJErriT7ob5pGJGZq+Q/PU+LCU=
-48,-186,U0LoNRzjsxvAB8+0IdY5FICXy7Y=,cxJErriT7ob5pGJGZq+Q/PU+LCU=
-47,-186,U0LoNRzjsxvAB8+0IdY5FICXy7Y=,cxJErriT7ob5pGJGZq+Q/PU+LCU=
-45,-186,U0LoNRzjsxvAB8+0IdY5FICXy7Y=,cxJErriT7ob5pGJGZq+Q/PU+LCU=
-46,-186,U0LoNRzjsxvAB8+0IdY5FICXy7Y=,cxJErriT7ob5pGJGZq+Q/PU+LCU=
-44,-186,U0LoNRzjsxvAB8+0IdY5FICXy7Y=,cxJErriT7ob5pGJGZq+Q/PU+LCU=
-42,-186,U0LoNRzjsxvAB8+0IdY5FICXy7Y=,cxJErriT7ob5pGJGZq+Q/PU+LCU=
-41,-186,U0LoNRzjsxvAB8+0IdY5FICXy7Y=,cxJErriT7ob5pGJGZq+Q/PU+LCU=
-40,-186,U0LoNRzjsxvAB8+0IdY5FICXy7Y=,cxJErriT7ob5pGJGZq+Q/PU+LCU=
-37,-186,U0LoNRzjsxvAB8+0IdY5FICXy7Y=,cxJErriT7ob5pGJGZq+Q/PU+LCU=
-36,-186,U0LoNRzjsxvAB8+0IdY5FICXy7Y=,cxJErriT7ob5pGJGZq+Q/PU+LCU=
-35,-186,U0LoNRzjsxvAB8+0IdY5FICXy7Y=,cxJErriT7ob5pGJGZq+Q/PU+LCU=
-38,-186,U0LoNRzjsxvAB8+0IdY5FICXy7Y=,cxJErriT7ob5pGJGZq+Q/PU+LCU=
-34,-186,U0LoNRzjsxvAB8+0IdY5FICXy7Y=,cxJErriT7ob5pGJGZq+Q/PU+LCU=
-43,-186,U0LoNRzjsxvAB8+0IdY5FICXy7Y=,cxJErriT7ob5pGJGZq+Q/PU+LCU=
-33,-186,U0LoNRzjsxvAB8+0IdY5FICXy7Y=,cxJErriT7ob5pGJGZq+Q/PU+LCU=
-39,-186,U0LoNRzjsxvAB8+0IdY5FICXy7Y=,cxJErriT7ob5pGJGZq+Q/PU+LCU=
-47,-185,U0LoNRzjsxvAB8+0IdY5FICXy7Y=,cxJErriT7ob5pGJGZq+Q/PU+LCU=
-48,-185,U0LoNRzjsxvAB8+0IdY5FICXy7Y=,cxJErriT7ob5pGJGZq+Q/PU+LCU=
-46,-185,U0LoNRzjsxvAB8+0IdY5FICXy7Y=,cxJErriT7ob5pGJGZq+Q/PU+LCU=
-45,-185,U0LoNRzjsxvAB8+0IdY5FICXy7Y=,cxJErriT7ob5pGJGZq+Q/PU+LCU=
-42,-192,U0LoNRzjsxvAB8+0IdY5FICXy7Y=,cxJErriT7ob5pGJGZq+Q/PU+LCU=
-43,-185,U0LoNRzjsxvAB8+0IdY5FICXy7Y=,cxJErriT7ob5pGJGZq+Q/PU+LCU=
-44,-185,U0LoNRzjsxvAB8+0IdY5FICXy7Y=,cxJErriT7ob5pGJGZq+Q/PU+LCU=
-39,-185,U0LoNRzjsxvAB8+0IdY5FICXy7Y=,cxJErriT7ob5pGJGZq+Q/PU+LCU=
-38,-185,U0LoNRzjsxvAB8+0IdY5FICXy7Y=,cxJErriT7ob5pGJGZq+Q/PU+LCU=
-37,-185,U0LoNRzjsxvAB8+0IdY5FICXy7Y=,cxJErriT7ob5pGJGZq+Q/PU+LCU=
-36,-185,U0LoNRzjsxvAB8+0IdY5FICXy7Y=,cxJErriT7ob5pGJGZq+Q/PU+LCU=
-41,-192,U0LoNRzjsxvAB8+0IdY5FICXy7Y=,cxJErriT7ob5pGJGZq+Q/PU+LCU=
-35,-185,U0LoNRzjsxvAB8+0IdY5FICXy7Y=,cxJErriT7ob5pGJGZq+Q/PU+LCU=
-34,-185,U0LoNRzjsxvAB8+0IdY5FICXy7Y=,cxJErriT7ob5pGJGZq+Q/PU+LCU=
-33,-185,U0LoNRzjsxvAB8+0IdY5FICXy7Y=,cxJErriT7ob5pGJGZq+Q/PU+LCU=
-41,-185,U0LoNRzjsxvAB8+0IdY5FICXy7Y=,cxJErriT7ob5pGJGZq+Q/PU+LCU=
-42,-185,U0LoNRzjsxvAB8+0IdY5FICXy7Y=,cxJErriT7ob5pGJGZq+Q/PU+LCU=
-48,-184,U0LoNRzjsxvAB8+0IdY5FICXy7Y=,cxJErriT7ob5pGJGZq+Q/PU+LCU=
-40,-185,U0LoNRzjsxvAB8+0IdY5FICXy7Y=,cxJErriT7ob5pGJGZq+Q/PU+LCU=
-47,-184,U0LoNRzjsxvAB8+0IdY5FICXy7Y=,cxJErriT7ob5pGJGZq+Q/PU+LCU=
-45,-184,U0LoNRzjsxvAB8+0IdY5FICXy7Y=,cxJErriT7ob5pGJGZq+Q/PU+LCU=
-44,-184,U0LoNRzjsxvAB8+0IdY5FICXy7Y=,cxJErriT7ob5pGJGZq+Q/PU+LCU=
-42,-184,U0LoNRzjsxvAB8+0IdY5FICXy7Y=,cxJErriT7ob5pGJGZq+Q/PU+LCU=
-46,-184,U0LoNRzjsxvAB8+0IdY5FICXy7Y=,cxJErriT7ob5pGJGZq+Q/PU+LCU=
-43,-184,U0LoNRzjsxvAB8+0IdY5FICXy7Y=,cxJErriT7ob5pGJGZq+Q/PU+LCU=
-38,-184,U0LoNRzjsxvAB8+0IdY5FICXy7Y=,cxJErriT7ob5pGJGZq+Q/PU+LCU=
-37,-184,U0LoNRzjsxvAB8+0IdY5FICXy7Y=,cxJErriT7ob5pGJGZq+Q/PU+LCU=
-39,-184,U0LoNRzjsxvAB8+0IdY5FICXy7Y=,cxJErriT7ob5pGJGZq+Q/PU+LCU=
-36,-184,U0LoNRzjsxvAB8+0IdY5FICXy7Y=,cxJErriT7ob5pGJGZq+Q/PU+LCU=
-35,-184,U0LoNRzjsxvAB8+0IdY5FICXy7Y=,cxJErriT7ob5pGJGZq+Q/PU+LCU=
-34,-184,U0LoNRzjsxvAB8+0IdY5FICXy7Y=,cxJErriT7ob5pGJGZq+Q/PU+LCU=
-33,-184,U0LoNRzjsxvAB8+0IdY5FICXy7Y=,cxJErriT7ob5pGJGZq+Q/PU+LCU=
-40,-192,U0LoNRzjsxvAB8+0IdY5FICXy7Y=,cxJErriT7ob5pGJGZq+Q/PU+LCU=
-40,-184,U0LoNRzjsxvAB8+0IdY5FICXy7Y=,cxJErriT7ob5pGJGZq+Q/PU+LCU=
-41,-184,U0LoNRzjsxvAB8+0IdY5FICXy7Y=,cxJErriT7ob5pGJGZq+Q/PU+LCU=
-48,-183,U0LoNRzjsxvAB8+0IdY5FICXy7Y=,cxJErriT7ob5pGJGZq+Q/PU+LCU=
-47,-183,U0LoNRzjsxvAB8+0IdY5FICXy7Y=,cxJErriT7ob5pGJGZq+Q/PU+LCU=
-45,-183,U0LoNRzjsxvAB8+0IdY5FICXy7Y=,cxJErriT7ob5pGJGZq+Q/PU+LCU=
-44,-183,U0LoNRzjsxvAB8+0IdY5FICXy7Y=,cxJErriT7ob5pGJGZq+Q/PU+LCU=
-46,-183,U0LoNRzjsxvAB8+0IdY5FICXy7Y=,cxJErriT7ob5pGJGZq+Q/PU+LCU=
-43,-183,U0LoNRzjsxvAB8+0IdY5FICXy7Y=,cxJErriT7ob5pGJGZq+Q/PU+LCU=
-39,-183,U0LoNRzjsxvAB8+0IdY5FICXy7Y=,cxJErriT7ob5pGJGZq+Q/PU+LCU=
-40,-183,U0LoNRzjsxvAB8+0IdY5FICXy7Y=,cxJErriT7ob5pGJGZq+Q/PU+LCU=
-38,-183,U0LoNRzjsxvAB8+0IdY5FICXy7Y=,cxJErriT7ob5pGJGZq+Q/PU+LCU=
-37,-183,U0LoNRzjsxvAB8+0IdY5FICXy7Y=,cxJErriT7ob5pGJGZq+Q/PU+LCU=
-36,-183,U0LoNRzjsxvAB8+0IdY5FICXy7Y=,cxJErriT7ob5pGJGZq+Q/PU+LCU=
-35,-183,U0LoNRzjsxvAB8+0IdY5FICXy7Y=,cxJErriT7ob5pGJGZq+Q/PU+LCU=
-34,-183,U0LoNRzjsxvAB8+0IdY5FICXy7Y=,cxJErriT7ob5pGJGZq+Q/PU+LCU=
-33,-183,U0LoNRzjsxvAB8+0IdY5FICXy7Y=,cxJErriT7ob5pGJGZq+Q/PU+LCU=
-39,-192,U0LoNRzjsxvAB8+0IdY5FICXy7Y=,cxJErriT7ob5pGJGZq+Q/PU+LCU=
-42,-183,U0LoNRzjsxvAB8+0IdY5FICXy7Y=,cxJErriT7ob5pGJGZq+Q/PU+LCU=
-41,-183,U0LoNRzjsxvAB8+0IdY5FICXy7Y=,cxJErriT7ob5pGJGZq+Q/PU+LCU=
-45,-182,U0LoNRzjsxvAB8+0IdY5FICXy7Y=,cxJErriT7ob5pGJGZq+Q/PU+LCU=
-46,-182,U0LoNRzjsxvAB8+0IdY5FICXy7Y=,cxJErriT7ob5pGJGZq+Q/PU+LCU=
-48,-182,U0LoNRzjsxvAB8+0IdY5FICXy7Y=,cxJErriT7ob5pGJGZq+Q/PU+LCU=
-43,-182,U0LoNRzjsxvAB8+0IdY5FICXy7Y=,cxJErriT7ob5pGJGZq+Q/PU+LCU=
-42,-182,U0LoNRzjsxvAB8+0IdY5FICXy7Y=,cxJErriT7ob5pGJGZq+Q/PU+LCU=
-44,-182,U0LoNRzjsxvAB8+0IdY5FICXy7Y=,cxJErriT7ob5pGJGZq+Q/PU+LCU=
-47,-182,U0LoNRzjsxvAB8+0IdY5FICXy7Y=,cxJErriT7ob5pGJGZq+Q/PU+LCU=
-38,-192,U0LoNRzjsxvAB8+0IdY5FICXy7Y=,cxJErriT7ob5pGJGZq+Q/PU+LCU=
-39,-182,U0LoNRzjsxvAB8+0IdY5FICXy7Y=,cxJErriT7ob5pGJGZq+Q/PU+LCU=
-38,-182,U0LoNRzjsxvAB8+0IdY5FICXy7Y=,cxJErriT7ob5pGJGZq+Q/PU+LCU=
-40,-182,U0LoNRzjsxvAB8+0IdY5FICXy7Y=,cxJErriT7ob5pGJGZq+Q/PU+LCU=
-35,-182,U0LoNRzjsxvAB8+0IdY5FICXy7Y=,cxJErriT7ob5pGJGZq+Q/PU+LCU=
-34,-182,U0LoNRzjsxvAB8+0IdY5FICXy7Y=,cxJErriT7ob5pGJGZq+Q/PU+LCU=
-33,-182,U0LoNRzjsxvAB8+0IdY5FICXy7Y=,cxJErriT7ob5pGJGZq+Q/PU+LCU=
-41,-182,U0LoNRzjsxvAB8+0IdY5FICXy7Y=,cxJErriT7ob5pGJGZq+Q/PU+LCU=
-37,-182,U0LoNRzjsxvAB8+0IdY5FICXy7Y=,cxJErriT7ob5pGJGZq+Q/PU+LCU=
-36,-182,U0LoNRzjsxvAB8+0IdY5FICXy7Y=,cxJErriT7ob5pGJGZq+Q/PU+LCU=
-45,-181,U0LoNRzjsxvAB8+0IdY5FICXy7Y=,cxJErriT7ob5pGJGZq+Q/PU+LCU=
-48,-181,U0LoNRzjsxvAB8+0IdY5FICXy7Y=,cxJErriT7ob5pGJGZq+Q/PU+LCU=
-44,-181,U0LoNRzjsxvAB8+0IdY5FICXy7Y=,cxJErriT7ob5pGJGZq+Q/PU+LCU=
-46,-181,U0LoNRzjsxvAB8+0IdY5FICXy7Y=,cxJErriT7ob5pGJGZq+Q/PU+LCU=
-43,-181,U0LoNRzjsxvAB8+0IdY5FICXy7Y=,cxJErriT7ob5pGJGZq+Q/PU+LCU=
-47,-181,U0LoNRzjsxvAB8+0IdY5FICXy7Y=,cxJErriT7ob5pGJGZq+Q/PU+LCU=
-37,-192,U0LoNRzjsxvAB8+0IdY5FICXy7Y=,cxJErriT7ob5pGJGZq+Q/PU+LCU=
-42,-181,U0LoNRzjsxvAB8+0IdY5FICXy7Y=,cxJErriT7ob5pGJGZq+Q/PU+LCU=
-38,-181,U0LoNRzjsxvAB8+0IdY5FICXy7Y=,cxJErriT7ob5pGJGZq+Q/PU+LCU=
-37,-181,U0LoNRzjsxvAB8+0IdY5FICXy7Y=,cxJErriT7ob5pGJGZq+Q/PU+LCU=
-36,-181,U0LoNRzjsxvAB8+0IdY5FICXy7Y=,cxJErriT7ob5pGJGZq+Q/PU+LCU=
-35,-181,U0LoNRzjsxvAB8+0IdY5FICXy7Y=,cxJErriT7ob5pGJGZq+Q/PU+LCU=
-34,-181,U0LoNRzjsxvAB8+0IdY5FICXy7Y=,cxJErriT7ob5pGJGZq+Q/PU+LCU=
-33,-181,U0LoNRzjsxvAB8+0IdY5FICXy7Y=,cxJErriT7ob5pGJGZq+Q/PU+LCU=
-39,-181,U0LoNRzjsxvAB8+0IdY5FICXy7Y=,cxJErriT7ob5pGJGZq+Q/PU+LCU=
-41,-181,U0LoNRzjsxvAB8+0IdY5FICXy7Y=,cxJErriT7ob5pGJGZq+Q/PU+LCU=
-40,-181,U0LoNRzjsxvAB8+0IdY5FICXy7Y=,cxJErriT7ob5pGJGZq+Q/PU+LCU=
-47,-180,U0LoNRzjsxvAB8+0IdY5FICXy7Y=,cxJErriT7ob5pGJGZq+Q/PU+LCU=
-46,-180,U0LoNRzjsxvAB8+0IdY5FICXy7Y=,cxJErriT7ob5pGJGZq+Q/PU+LCU=
-48,-180,U0LoNRzjsxvAB8+0IdY5FICXy7Y=,cxJErriT7ob5pGJGZq+Q/PU+LCU=
-44,-180,U0LoNRzjsxvAB8+0IdY5FICXy7Y=,cxJErriT7ob5pGJGZq+Q/PU+LCU=
-43,-180,U0LoNRzjsxvAB8+0IdY5FICXy7Y=,cxJErriT7ob5pGJGZq+Q/PU+LCU=
-36,-192,U0LoNRzjsxvAB8+0IdY5FICXy7Y=,cxJErriT7ob5pGJGZq+Q/PU+LCU=
-42,-180,U0LoNRzjsxvAB8+0IdY5FICXy7Y=,cxJErriT7ob5pGJGZq+Q/PU+LCU=
-45,-180,U0LoNRzjsxvAB8+0IdY5FICXy7Y=,cxJErriT7ob5pGJGZq+Q/PU+LCU=
-39,-180,U0LoNRzjsxvAB8+0IdY5FICXy7Y=,cxJErriT7ob5pGJGZq+Q/PU+LCU=
-38,-180,U0LoNRzjsxvAB8+0IdY5FICXy7Y=,cxJErriT7ob5pGJGZq+Q/PU+LCU=
-36,-180,U0LoNRzjsxvAB8+0IdY5FICXy7Y=,cxJErriT7ob5pGJGZq+Q/PU+LCU=
-35,-180,U0LoNRzjsxvAB8+0IdY5FICXy7Y=,cxJErriT7ob5pGJGZq+Q/PU+LCU=
-34,-180,U0LoNRzjsxvAB8+0IdY5FICXy7Y=,cxJErriT7ob5pGJGZq+Q/PU+LCU=
-33,-180,U0LoNRzjsxvAB8+0IdY5FICXy7Y=,cxJErriT7ob5pGJGZq+Q/PU+LCU=
-37,-180,U0LoNRzjsxvAB8+0IdY5FICXy7Y=,cxJErriT7ob5pGJGZq+Q/PU+LCU=
-41,-180,U0LoNRzjsxvAB8+0IdY5FICXy7Y=,cxJErriT7ob5pGJGZq+Q/PU+LCU=
-40,-180,U0LoNRzjsxvAB8+0IdY5FICXy7Y=,cxJErriT7ob5pGJGZq+Q/PU+LCU=
-46,-179,U0LoNRzjsxvAB8+0IdY5FICXy7Y=,cxJErriT7ob5pGJGZq+Q/PU+LCU=
-48,-179,U0LoNRzjsxvAB8+0IdY5FICXy7Y=,cxJErriT7ob5pGJGZq+Q/PU+LCU=
-47,-179,U0LoNRzjsxvAB8+0IdY5FICXy7Y=,cxJErriT7ob5pGJGZq+Q/PU+LCU=
-44,-179,U0LoNRzjsxvAB8+0IdY5FICXy7Y=,cxJErriT7ob5pGJGZq+Q/PU+LCU=
-35,-192,U0LoNRzjsxvAB8+0IdY5FICXy7Y=,cxJErriT7ob5pGJGZq+Q/PU+LCU=
-45,-179,U0LoNRzjsxvAB8+0IdY5FICXy7Y=,cxJErriT7ob5pGJGZq+Q/PU+LCU=
-43,-179,U0LoNRzjsxvAB8+0IdY5FICXy7Y=,cxJErriT7ob5pGJGZq+Q/PU+LCU=
-42,-179,U0LoNRzjsxvAB8+0IdY5FICXy7Y=,cxJErriT7ob5pGJGZq+Q/PU+LCU=
-38,-179,U0LoNRzjsxvAB8+0IdY5FICXy7Y=,cxJErriT7ob5pGJGZq+Q/PU+LCU=
-39,-179,U0LoNRzjsxvAB8+0IdY5FICXy7Y=,cxJErriT7ob5pGJGZq+Q/PU+LCU=
-41,-179,U0LoNRzjsxvAB8+0IdY5FICXy7Y=,cxJErriT7ob5pGJGZq+Q/PU+LCU=
-35,-179,U0LoNRzjsxvAB8+0IdY5FICXy7Y=,cxJErriT7ob5pGJGZq+Q/PU+LCU=
-34,-179,U0LoNRzjsxvAB8+0IdY5FICXy7Y=,cxJErriT7ob5pGJGZq+Q/PU+LCU=
-33,-179,U0LoNRzjsxvAB8+0IdY5FICXy7Y=,cxJErriT7ob5pGJGZq+Q/PU+LCU=
-37,-179,U0LoNRzjsxvAB8+0IdY5FICXy7Y=,cxJErriT7ob5pGJGZq+Q/PU+LCU=
-36,-179,U0LoNRzjsxvAB8+0IdY5FICXy7Y=,cxJErriT7ob5pGJGZq+Q/PU+LCU=
-40,-179,U0LoNRzjsxvAB8+0IdY5FICXy7Y=,cxJErriT7ob5pGJGZq+Q/PU+LCU=
-48,-178,U0LoNRzjsxvAB8+0IdY5FICXy7Y=,cxJErriT7ob5pGJGZq+Q/PU+LCU=
-47,-178,U0LoNRzjsxvAB8+0IdY5FICXy7Y=,cxJErriT7ob5pGJGZq+Q/PU+LCU=
-45,-178,U0LoNRzjsxvAB8+0IdY5FICXy7Y=,cxJErriT7ob5pGJGZq+Q/PU+LCU=
-34,-192,U0LoNRzjsxvAB8+0IdY5FICXy7Y=,cxJErriT7ob5pGJGZq+Q/PU+LCU=
-44,-178,U0LoNRzjsxvAB8+0IdY5FICXy7Y=,cxJErriT7ob5pGJGZq+Q/PU+LCU=
-46,-178,U0LoNRzjsxvAB8+0IdY5FICXy7Y=,cxJErriT7ob5pGJGZq+Q/PU+LCU=
-42,-178,U0LoNRzjsxvAB8+0IdY5FICXy7Y=,cxJErriT7ob5pGJGZq+Q/PU+LCU=
-43,-178,U0LoNRzjsxvAB8+0IdY5FICXy7Y=,cxJErriT7ob5pGJGZq+Q/PU+LCU=
-40,-178,U0LoNRzjsxvAB8+0IdY5FICXy7Y=,cxJErriT7ob5pGJGZq+Q/PU+LCU=
-41,-178,U0LoNRzjsxvAB8+0IdY5FICXy7Y=,cxJErriT7ob5pGJGZq+Q/PU+LCU=
-37,-178,U0LoNRzjsxvAB8+0IdY5FICXy7Y=,cxJErriT7ob5pGJGZq+Q/PU+LCU=
-35,-178,U0LoNRzjsxvAB8+0IdY5FICXy7Y=,cxJErriT7ob5pGJGZq+Q/PU+LCU=
-34,-178,U0LoNRzjsxvAB8+0IdY5FICXy7Y=,cxJErriT7ob5pGJGZq+Q/PU+LCU=
-33,-178,U0LoNRzjsxvAB8+0IdY5FICXy7Y=,cxJErriT7ob5pGJGZq+Q/PU+LCU=
-36,-178,U0LoNRzjsxvAB8+0IdY5FICXy7Y=,cxJErriT7ob5pGJGZq+Q/PU+LCU=
-38,-178,U0LoNRzjsxvAB8+0IdY5FICXy7Y=,cxJErriT7ob5pGJGZq+Q/PU+LCU=
-39,-178,U0LoNRzjsxvAB8+0IdY5FICXy7Y=,cxJErriT7ob5pGJGZq+Q/PU+LCU=
-48,-177,U0LoNRzjsxvAB8+0IdY5FICXy7Y=,cxJErriT7ob5pGJGZq+Q/PU+LCU=
-46,-177,U0LoNRzjsxvAB8+0IdY5FICXy7Y=,cxJErriT7ob5pGJGZq+Q/PU+LCU=
-47,-177,U0LoNRzjsxvAB8+0IdY5FICXy7Y=,cxJErriT7ob5pGJGZq+Q/PU+LCU=
-50,-161,U0LoNRzjsxvAB8+0IdY5FICXy7Y=,cxJErriT7ob5pGJGZq+Q/PU+LCU=
-49,-161,U0LoNRzjsxvAB8+0IdY5FICXy7Y=,cxJErriT7ob5pGJGZq+Q/PU+LCU=
-63,-176,U0LoNRzjsxvAB8+0IdY5FICXy7Y=,cxJErriT7ob5pGJGZq+Q/PU+LCU=
-52,-161,U0LoNRzjsxvAB8+0IdY5FICXy7Y=,cxJErriT7ob5pGJGZq+Q/PU+LCU=
-53,-161,U0LoNRzjsxvAB8+0IdY5FICXy7Y=,cxJErriT7ob5pGJGZq+Q/PU+LCU=
-54,-161,U0LoNRzjsxvAB8+0IdY5FICXy7Y=,cxJErriT7ob5pGJGZq+Q/PU+LCU=
-51,-161,U0LoNRzjsxvAB8+0IdY5FICXy7Y=,cxJErriT7ob5pGJGZq+Q/PU+LCU=
-62,-175,U0LoNRzjsxvAB8+0IdY5FICXy7Y=,cxJErriT7ob5pGJGZq+Q/PU+LCU=
-56,-161,U0LoNRzjsxvAB8+0IdY5FICXy7Y=,cxJErriT7ob5pGJGZq+Q/PU+LCU=
-55,-161,U0LoNRzjsxvAB8+0IdY5FICXy7Y=,cxJErriT7ob5pGJGZq+Q/PU+LCU=
-63,-175,U0LoNRzjsxvAB8+0IdY5FICXy7Y=,cxJErriT7ob5pGJGZq+Q/PU+LCU=
-58,-161,U0LoNRzjsxvAB8+0IdY5FICXy7Y=,cxJErriT7ob5pGJGZq+Q/PU+LCU=
-59,-161,U0LoNRzjsxvAB8+0IdY5FICXy7Y=,cxJErriT7ob5pGJGZq+Q/PU+LCU=
-61,-161,U0LoNRzjsxvAB8+0IdY5FICXy7Y=,cxJErriT7ob5pGJGZq+Q/PU+LCU=
-63,-161,U0LoNRzjsxvAB8+0IdY5FICXy7Y=,cxJErriT7ob5pGJGZq+Q/PU+LCU=
-62,-161,U0LoNRzjsxvAB8+0IdY5FICXy7Y=,cxJErriT7ob5pGJGZq+Q/PU+LCU=
-57,-161,U0LoNRzjsxvAB8+0IdY5FICXy7Y=,cxJErriT7ob5pGJGZq+Q/PU+LCU=
-60,-161,U0LoNRzjsxvAB8+0IdY5FICXy7Y=,cxJErriT7ob5pGJGZq+Q/PU+LCU=
-64,-161,U0LoNRzjsxvAB8+0IdY5FICXy7Y=,cxJErriT7ob5pGJGZq+Q/PU+LCU=
-49,-162,U0LoNRzjsxvAB8+0IdY5FICXy7Y=,cxJErriT7ob5pGJGZq+Q/PU+LCU=
-64,-175,U0LoNRzjsxvAB8+0IdY5FICXy7Y=,cxJErriT7ob5pGJGZq+Q/PU+LCU=
-61,-175,U0LoNRzjsxvAB8+0IdY5FICXy7Y=,cxJErriT7ob5pGJGZq+Q/PU+LCU=
-53,-162,U0LoNRzjsxvAB8+0IdY5FICXy7Y=,cxJErriT7ob5pGJGZq+Q/PU+LCU=
-52,-162,U0LoNRzjsxvAB8+0IdY5FICXy7Y=,cxJErriT7ob5pGJGZq+Q/PU+LCU=
-50,-162,U0LoNRzjsxvAB8+0IdY5FICXy7Y=,cxJErriT7ob5pGJGZq+Q/PU+LCU=
-51,-162,U0LoNRzjsxvAB8+0IdY5FICXy7Y=,cxJErriT7ob5pGJGZq+Q/PU+LCU=
-55,-162,U0LoNRzjsxvAB8+0IdY5FICXy7Y=,cxJErriT7ob5pGJGZq+Q/PU+LCU=
-54,-162,U0LoNRzjsxvAB8+0IdY5FICXy7Y=,cxJErriT7ob5pGJGZq+Q/PU+LCU=
-60,-175,U0LoNRzjsxvAB8+0IdY5FICXy7Y=,cxJErriT7ob5pGJGZq+Q/PU+LCU=
-49,-176,U0LoNRzjsxvAB8+0IdY5FICXy7Y=,cxJErriT7ob5pGJGZq+Q/PU+LCU=
-56,-162,U0LoNRzjsxvAB8+0IdY5FICXy7Y=,cxJErriT7ob5pGJGZq+Q/PU+LCU=
-60,-162,U0LoNRzjsxvAB8+0IdY5FICXy7Y=,cxJErriT7ob5pGJGZq+Q/PU+LCU=
-57,-162,U0LoNRzjsxvAB8+0IdY5FICXy7Y=,cxJErriT7ob5pGJGZq+Q/PU+LCU=
-59,-175,U0LoNRzjsxvAB8+0IdY5FICXy7Y=,cxJErriT7ob5pGJGZq+Q/PU+LCU=
-64,-176,U0LoNRzjsxvAB8+0IdY5FICXy7Y=,cxJErriT7ob5pGJGZq+Q/PU+LCU=
-58,-162,U0LoNRzjsxvAB8+0IdY5FICXy7Y=,cxJErriT7ob5pGJGZq+Q/PU+LCU=
-59,-162,U0LoNRzjsxvAB8+0IdY5FICXy7Y=,cxJErriT7ob5pGJGZq+Q/PU+LCU=
-61,-162,U0LoNRzjsxvAB8+0IdY5FICXy7Y=,cxJErriT7ob5pGJGZq+Q/PU+LCU=
-58,-175,U0LoNRzjsxvAB8+0IdY5FICXy7Y=,cxJErriT7ob5pGJGZq+Q/PU+LCU=
-63,-162,U0LoNRzjsxvAB8+0IdY5FICXy7Y=,cxJErriT7ob5pGJGZq+Q/PU+LCU=
-57,-175,U0LoNRzjsxvAB8+0IdY5FICXy7Y=,cxJErriT7ob5pGJGZq+Q/PU+LCU=
-50,-163,U0LoNRzjsxvAB8+0IdY5FICXy7Y=,cxJErriT7ob5pGJGZq+Q/PU+LCU=
-62,-162,U0LoNRzjsxvAB8+0IdY5FICXy7Y=,cxJErriT7ob5pGJGZq+Q/PU+LCU=
-49,-163,U0LoNRzjsxvAB8+0IdY5FICXy7Y=,cxJErriT7ob5pGJGZq+Q/PU+LCU=
-64,-162,U0LoNRzjsxvAB8+0IdY5FICXy7Y=,cxJErriT7ob5pGJGZq+Q/PU+LCU=
-54,-175,U0LoNRzjsxvAB8+0IdY5FICXy7Y=,cxJErriT7ob5pGJGZq+Q/PU+LCU=
-56,-175,U0LoNRzjsxvAB8+0IdY5FICXy7Y=,cxJErriT7ob5pGJGZq+Q/PU+LCU=
-52,-175,U0LoNRzjsxvAB8+0IdY5FICXy7Y=,cxJErriT7ob5pGJGZq+Q/PU+LCU=
-51,-175,U0LoNRzjsxvAB8+0IdY5FICXy7Y=,cxJErriT7ob5pGJGZq+Q/PU+LCU=
-53,-175,U0LoNRzjsxvAB8+0IdY5FICXy7Y=,cxJErriT7ob5pGJGZq+Q/PU+LCU=
-50,-175,U0LoNRzjsxvAB8+0IdY5FICXy7Y=,cxJErriT7ob5pGJGZq+Q/PU+LCU=
-64,-174,U0LoNRzjsxvAB8+0IdY5FICXy7Y=,cxJErriT7ob5pGJGZq+Q/PU+LCU=
-55,-175,U0LoNRzjsxvAB8+0IdY5FICXy7Y=,cxJErriT7ob5pGJGZq+Q/PU+LCU=
-49,-175,U0LoNRzjsxvAB8+0IdY5FICXy7Y=,cxJErriT7ob5pGJGZq+Q/PU+LCU=
-62,-174,U0LoNRzjsxvAB8+0IdY5FICXy7Y=,cxJErriT7ob5pGJGZq+Q/PU+LCU=
-61,-174,U0LoNRzjsxvAB8+0IdY5FICXy7Y=,cxJErriT7ob5pGJGZq+Q/PU+LCU=
-59,-174,U0LoNRzjsxvAB8+0IdY5FICXy7Y=,cxJErriT7ob5pGJGZq+Q/PU+LCU=
-60,-174,U0LoNRzjsxvAB8+0IdY5FICXy7Y=,cxJErriT7ob5pGJGZq+Q/PU+LCU=
-63,-174,U0LoNRzjsxvAB8+0IdY5FICXy7Y=,cxJErriT7ob5pGJGZq+Q/PU+LCU=
-62,-176,U0LoNRzjsxvAB8+0IdY5FICXy7Y=,cxJErriT7ob5pGJGZq+Q/PU+LCU=
-56,-174,U0LoNRzjsxvAB8+0IdY5FICXy7Y=,cxJErriT7ob5pGJGZq+Q/PU+LCU=
-55,-174,U0LoNRzjsxvAB8+0IdY5FICXy7Y=,cxJErriT7ob5pGJGZq+Q/PU+LCU=
-58,-174,U0LoNRzjsxvAB8+0IdY5FICXy7Y=,cxJErriT7ob5pGJGZq+Q/PU+LCU=
-52,-174,U0LoNRzjsxvAB8+0IdY5FICXy7Y=,cxJErriT7ob5pGJGZq+Q/PU+LCU=
-54,-174,U0LoNRzjsxvAB8+0IdY5FICXy7Y=,cxJErriT7ob5pGJGZq+Q/PU+LCU=
-51,-174,U0LoNRzjsxvAB8+0IdY5FICXy7Y=,cxJErriT7ob5pGJGZq+Q/PU+LCU=
-57,-174,U0LoNRzjsxvAB8+0IdY5FICXy7Y=,cxJErriT7ob5pGJGZq+Q/PU+LCU=
-53,-174,U0LoNRzjsxvAB8+0IdY5FICXy7Y=,cxJErriT7ob5pGJGZq+Q/PU+LCU=
-64,-173,U0LoNRzjsxvAB8+0IdY5FICXy7Y=,cxJErriT7ob5pGJGZq+Q/PU+LCU=
-61,-173,U0LoNRzjsxvAB8+0IdY5FICXy7Y=,cxJErriT7ob5pGJGZq+Q/PU+LCU=
-60,-173,U0LoNRzjsxvAB8+0IdY5FICXy7Y=,cxJErriT7ob5pGJGZq+Q/PU+LCU=
-59,-173,U0LoNRzjsxvAB8+0IdY5FICXy7Y=,cxJErriT7ob5pGJGZq+Q/PU+LCU=
-58,-173,U0LoNRzjsxvAB8+0IdY5FICXy7Y=,cxJErriT7ob5pGJGZq+Q/PU+LCU=
-63,-173,U0LoNRzjsxvAB8+0IdY5FICXy7Y=,cxJErriT7ob5pGJGZq+Q/PU+LCU=
-62,-173,oDeY2IXBJY1TxKFUdAoORg2rza8=,cxJErriT7ob5pGJGZq+Q/PU+LCU=
-57,-173,oDeY2IXBJY1TxKFUdAoORg2rza8=,cxJErriT7ob5pGJGZq+Q/PU+LCU=
-61,-176,oDeY2IXBJY1TxKFUdAoORg2rza8=,cxJErriT7ob5pGJGZq+Q/PU+LCU=
-50,-174,oDeY2IXBJY1TxKFUdAoORg2rza8=,cxJErriT7ob5pGJGZq+Q/PU+LCU=
-49,-174,oDeY2IXBJY1TxKFUdAoORg2rza8=,cxJErriT7ob5pGJGZq+Q/PU+LCU=
-54,-173,oDeY2IXBJY1TxKFUdAoORg2rza8=,cxJErriT7ob5pGJGZq+Q/PU+LCU=
-56,-173,oDeY2IXBJY1TxKFUdAoORg2rza8=,cxJErriT7ob5pGJGZq+Q/PU+LCU=
-55,-173,oDeY2IXBJY1TxKFUdAoORg2rza8=,cxJErriT7ob5pGJGZq+Q/PU+LCU=
-52,-173,oDeY2IXBJY1TxKFUdAoORg2rza8=,cxJErriT7ob5pGJGZq+Q/PU+LCU=
-53,-173,oDeY2IXBJY1TxKFUdAoORg2rza8=,cxJErriT7ob5pGJGZq+Q/PU+LCU=
-64,-172,oDeY2IXBJY1TxKFUdAoORg2rza8=,cxJErriT7ob5pGJGZq+Q/PU+LCU=
-51,-173,oDeY2IXBJY1TxKFUdAoORg2rza8=,cxJErriT7ob5pGJGZq+Q/PU+LCU=
-60,-176,oDeY2IXBJY1TxKFUdAoORg2rza8=,cxJErriT7ob5pGJGZq+Q/PU+LCU=
-61,-172,oDeY2IXBJY1TxKFUdAoORg2rza8=,cxJErriT7ob5pGJGZq+Q/PU+LCU=
-60,-172,oDeY2IXBJY1TxKFUdAoORg2rza8=,cxJErriT7ob5pGJGZq+Q/PU+LCU=
-59,-172,oDeY2IXBJY1TxKFUdAoORg2rza8=,cxJErriT7ob5pGJGZq+Q/PU+LCU=
-57,-172,oDeY2IXBJY1TxKFUdAoORg2rza8=,cxJErriT7ob5pGJGZq+Q/PU+LCU=
-62,-172,oDeY2IXBJY1TxKFUdAoORg2rza8=,cxJErriT7ob5pGJGZq+Q/PU+LCU=
-50,-173,oDeY2IXBJY1TxKFUdAoORg2rza8=,cxJErriT7ob5pGJGZq+Q/PU+LCU=
-63,-172,oDeY2IXBJY1TxKFUdAoORg2rza8=,cxJErriT7ob5pGJGZq+Q/PU+LCU=
-56,-172,oDeY2IXBJY1TxKFUdAoORg2rza8=,cxJErriT7ob5pGJGZq+Q/PU+LCU=
-55,-172,oDeY2IXBJY1TxKFUdAoORg2rza8=,cxJErriT7ob5pGJGZq+Q/PU+LCU=
-58,-172,oDeY2IXBJY1TxKFUdAoORg2rza8=,cxJErriT7ob5pGJGZq+Q/PU+LCU=
-49,-173,oDeY2IXBJY1TxKFUdAoORg2rza8=,cxJErriT7ob5pGJGZq+Q/PU+LCU=
-54,-172,oDeY2IXBJY1TxKFUdAoORg2rza8=,cxJErriT7ob5pGJGZq+Q/PU+LCU=
-53,-172,oDeY2IXBJY1TxKFUdAoORg2rza8=,cxJErriT7ob5pGJGZq+Q/PU+LCU=
-59,-176,oDeY2IXBJY1TxKFUdAoORg2rza8=,cxJErriT7ob5pGJGZq+Q/PU+LCU=
-52,-172,oDeY2IXBJY1TxKFUdAoORg2rza8=,cxJErriT7ob5pGJGZq+Q/PU+LCU=
-49,-172,oDeY2IXBJY1TxKFUdAoORg2rza8=,cxJErriT7ob5pGJGZq+Q/PU+LCU=
-64,-171,oDeY2IXBJY1TxKFUdAoORg2rza8=,cxJErriT7ob5pGJGZq+Q/PU+LCU=
-51,-172,oDeY2IXBJY1TxKFUdAoORg2rza8=,cxJErriT7ob5pGJGZq+Q/PU+LCU=
-63,-171,oDeY2IXBJY1TxKFUdAoORg2rza8=,cxJErriT7ob5pGJGZq+Q/PU+LCU=
-50,-172,oDeY2IXBJY1TxKFUdAoORg2rza8=,cxJErriT7ob5pGJGZq+Q/PU+LCU=
-62,-171,oDeY2IXBJY1TxKFUdAoORg2rza8=,cxJErriT7ob5pGJGZq+Q/PU+LCU=
-60,-171,oDeY2IXBJY1TxKFUdAoORg2rza8=,cxJErriT7ob5pGJGZq+Q/PU+LCU=
-57,-171,oDeY2IXBJY1TxKFUdAoORg2rza8=,cxJErriT7ob5pGJGZq+Q/PU+LCU=
-58,-171,oDeY2IXBJY1TxKFUdAoORg2rza8=,cxJErriT7ob5pGJGZq+Q/PU+LCU=
-61,-171,oDeY2IXBJY1TxKFUdAoORg2rza8=,cxJErriT7ob5pGJGZq+Q/PU+LCU=
-59,-171,oDeY2IXBJY1TxKFUdAoORg2rza8=,cxJErriT7ob5pGJGZq+Q/PU+LCU=
-56,-171,oDeY2IXBJY1TxKFUdAoORg2rza8=,cxJErriT7ob5pGJGZq+Q/PU+LCU=
-55,-171,oDeY2IXBJY1TxKFUdAoORg2rza8=,cxJErriT7ob5pGJGZq+Q/PU+LCU=
-53,-171,oDeY2IXBJY1TxKFUdAoORg2rza8=,cxJErriT7ob5pGJGZq+Q/PU+LCU=
-52,-171,oDeY2IXBJY1TxKFUdAoORg2rza8=,cxJErriT7ob5pGJGZq+Q/PU+LCU=
-54,-171,oDeY2IXBJY1TxKFUdAoORg2rza8=,cxJErriT7ob5pGJGZq+Q/PU+LCU=
-58,-176,oDeY2IXBJY1TxKFUdAoORg2rza8=,cxJErriT7ob5pGJGZq+Q/PU+LCU=
-51,-171,oDeY2IXBJY1TxKFUdAoORg2rza8=,cxJErriT7ob5pGJGZq+Q/PU+LCU=
-49,-171,oDeY2IXBJY1TxKFUdAoORg2rza8=,cxJErriT7ob5pGJGZq+Q/PU+LCU=
-62,-170,oDeY2IXBJY1TxKFUdAoORg2rza8=,cxJErriT7ob5pGJGZq+Q/PU+LCU=
-50,-171,oDeY2IXBJY1TxKFUdAoORg2rza8=,cxJErriT7ob5pGJGZq+Q/PU+LCU=
-64,-170,oDeY2IXBJY1TxKFUdAoORg2rza8=,cxJErriT7ob5pGJGZq+Q/PU+LCU=
-60,-170,oDeY2IXBJY1TxKFUdAoORg2rza8=,cxJErriT7ob5pGJGZq+Q/PU+LCU=
-59,-170,oDeY2IXBJY1TxKFUdAoORg2rza8=,cxJErriT7ob5pGJGZq+Q/PU+LCU=
-63,-170,oDeY2IXBJY1TxKFUdAoORg2rza8=,cxJErriT7ob5pGJGZq+Q/PU+LCU=
-57,-170,oDeY2IXBJY1TxKFUdAoORg2rza8=,cxJErriT7ob5pGJGZq+Q/PU+LCU=
-56,-170,oDeY2IXBJY1TxKFUdAoORg2rza8=,cxJErriT7ob5pGJGZq+Q/PU+LCU=
-55,-170,oDeY2IXBJY1TxKFUdAoORg2rza8=,cxJErriT7ob5pGJGZq+Q/PU+LCU=
-53,-170,oDeY2IXBJY1TxKFUdAoORg2rza8=,cxJErriT7ob5pGJGZq+Q/PU+LCU=
-61,-170,oDeY2IXBJY1TxKFUdAoORg2rza8=,cxJErriT7ob5pGJGZq+Q/PU+LCU=
-54,-170,oDeY2IXBJY1TxKFUdAoORg2rza8=,cxJErriT7ob5pGJGZq+Q/PU+LCU=
-58,-170,oDeY2IXBJY1TxKFUdAoORg2rza8=,cxJErriT7ob5pGJGZq+Q/PU+LCU=
-52,-170,oDeY2IXBJY1TxKFUdAoORg2rza8=,cxJErriT7ob5pGJGZq+Q/PU+LCU=
-51,-170,oDeY2IXBJY1TxKFUdAoORg2rza8=,cxJErriT7ob5pGJGZq+Q/PU+LCU=
-57,-176,oDeY2IXBJY1TxKFUdAoORg2rza8=,cxJErriT7ob5pGJGZq+Q/PU+LCU=
-50,-170,oDeY2IXBJY1TxKFUdAoORg2rza8=,cxJErriT7ob5pGJGZq+Q/PU+LCU=
-49,-170,oDeY2IXBJY1TxKFUdAoORg2rza8=,cxJErriT7ob5pGJGZq+Q/PU+LCU=
-64,-169,oDeY2IXBJY1TxKFUdAoORg2rza8=,cxJErriT7ob5pGJGZq+Q/PU+LCU=
-62,-169,oDeY2IXBJY1TxKFUdAoORg2rza8=,cxJErriT7ob5pGJGZq+Q/PU+LCU=
-63,-169,oDeY2IXBJY1TxKFUdAoORg2rza8=,cxJErriT7ob5pGJGZq+Q/PU+LCU=
-60,-169,oDeY2IXBJY1TxKFUdAoORg2rza8=,cxJErriT7ob5pGJGZq+Q/PU+LCU=
-57,-169,oDeY2IXBJY1TxKFUdAoORg2rza8=,cxJErriT7ob5pGJGZq+Q/PU+LCU=
-61,-169,oDeY2IXBJY1TxKFUdAoORg2rza8=,cxJErriT7ob5pGJGZq+Q/PU+LCU=
-56,-169,oDeY2IXBJY1TxKFUdAoORg2rza8=,cxJErriT7ob5pGJGZq+Q/PU+LCU=
-59,-169,oDeY2IXBJY1TxKFUdAoORg2rza8=,cxJErriT7ob5pGJGZq+Q/PU+LCU=
-58,-169,oDeY2IXBJY1TxKFUdAoORg2rza8=,cxJErriT7ob5pGJGZq+Q/PU+LCU=
-55,-169,oDeY2IXBJY1TxKFUdAoORg2rza8=,cxJErriT7ob5pGJGZq+Q/PU+LCU=
-54,-169,oDeY2IXBJY1TxKFUdAoORg2rza8=,cxJErriT7ob5pGJGZq+Q/PU+LCU=
-53,-169,oDeY2IXBJY1TxKFUdAoORg2rza8=,cxJErriT7ob5pGJGZq+Q/PU+LCU=
-52,-169,oDeY2IXBJY1TxKFUdAoORg2rza8=,cxJErriT7ob5pGJGZq+Q/PU+LCU=
-51,-169,oDeY2IXBJY1TxKFUdAoORg2rza8=,cxJErriT7ob5pGJGZq+Q/PU+LCU=
-50,-169,oDeY2IXBJY1TxKFUdAoORg2rza8=,cxJErriT7ob5pGJGZq+Q/PU+LCU=
-64,-168,oDeY2IXBJY1TxKFUdAoORg2rza8=,cxJErriT7ob5pGJGZq+Q/PU+LCU=
-49,-169,oDeY2IXBJY1TxKFUdAoORg2rza8=,cxJErriT7ob5pGJGZq+Q/PU+LCU=
-63,-168,oDeY2IXBJY1TxKFUdAoORg2rza8=,cxJErriT7ob5pGJGZq+Q/PU+LCU=
-56,-176,oDeY2IXBJY1TxKFUdAoORg2rza8=,cxJErriT7ob5pGJGZq+Q/PU+LCU=
-62,-168,oDeY2IXBJY1TxKFUdAoORg2rza8=,cxJErriT7ob5pGJGZq+Q/PU+LCU=
-60,-168,oDeY2IXBJY1TxKFUdAoORg2rza8=,cxJErriT7ob5pGJGZq+Q/PU+LCU=
-61,-168,oDeY2IXBJY1TxKFUdAoORg2rza8=,cxJErriT7ob5pGJGZq+Q/PU+LCU=
-56,-168,oDeY2IXBJY1TxKFUdAoORg2rza8=,cxJErriT7ob5pGJGZq+Q/PU+LCU=
-55,-168,oDeY2IXBJY1TxKFUdAoORg2rza8=,cxJErriT7ob5pGJGZq+Q/PU+LCU=
-57,-168,oDeY2IXBJY1TxKFUdAoORg2rza8=,cxJErriT7ob5pGJGZq+Q/PU+LCU=
-59,-168,oDeY2IXBJY1TxKFUdAoORg2rza8=,cxJErriT7ob5pGJGZq+Q/PU+LCU=
-58,-168,oDeY2IXBJY1TxKFUdAoORg2rza8=,cxJErriT7ob5pGJGZq+Q/PU+LCU=
-54,-168,oDeY2IXBJY1TxKFUdAoORg2rza8=,cxJErriT7ob5pGJGZq+Q/PU+LCU=
-53,-168,oDeY2IXBJY1TxKFUdAoORg2rza8=,cxJErriT7ob5pGJGZq+Q/PU+LCU=
-52,-168,oDeY2IXBJY1TxKFUdAoORg2rza8=,cxJErriT7ob5pGJGZq+Q/PU+LCU=
-51,-168,oDeY2IXBJY1TxKFUdAoORg2rza8=,cxJErriT7ob5pGJGZq+Q/PU+LCU=
-55,-176,oDeY2IXBJY1TxKFUdAoORg2rza8=,cxJErriT7ob5pGJGZq+Q/PU+LCU=
-64,-167,oDeY2IXBJY1TxKFUdAoORg2rza8=,cxJErriT7ob5pGJGZq+Q/PU+LCU=
-63,-167,oDeY2IXBJY1TxKFUdAoORg2rza8=,cxJErriT7ob5pGJGZq+Q/PU+LCU=
-50,-168,oDeY2IXBJY1TxKFUdAoORg2rza8=,cxJErriT7ob5pGJGZq+Q/PU+LCU=
-62,-167,oDeY2IXBJY1TxKFUdAoORg2rza8=,cxJErriT7ob5pGJGZq+Q/PU+LCU=
-49,-168,oDeY2IXBJY1TxKFUdAoORg2rza8=,cxJErriT7ob5pGJGZq+Q/PU+LCU=
-61,-167,oDeY2IXBJY1TxKFUdAoORg2rza8=,cxJErriT7ob5pGJGZq+Q/PU+LCU=
-60,-167,oDeY2IXBJY1TxKFUdAoORg2rza8=,cxJErriT7ob5pGJGZq+Q/PU+LCU=
-58,-167,oDeY2IXBJY1TxKFUdAoORg2rza8=,cxJErriT7ob5pGJGZq+Q/PU+LCU=
-55,-167,oDeY2IXBJY1TxKFUdAoORg2rza8=,cxJErriT7ob5pGJGZq+Q/PU+LCU=
-54,-176,oDeY2IXBJY1TxKFUdAoORg2rza8=,cxJErriT7ob5pGJGZq+Q/PU+LCU=
-56,-167,oDeY2IXBJY1TxKFUdAoORg2rza8=,cxJErriT7ob5pGJGZq+Q/PU+LCU=
-54,-167,oDeY2IXBJY1TxKFUdAoORg2rza8=,cxJErriT7ob5pGJGZq+Q/PU+LCU=
-51,-167,oDeY2IXBJY1TxKFUdAoORg2rza8=,cxJErriT7ob5pGJGZq+Q/PU+LCU=
-57,-167,oDeY2IXBJY1TxKFUdAoORg2rza8=,cxJErriT7ob5pGJGZq+Q/PU+LCU=
-52,-167,oDeY2IXBJY1TxKFUdAoORg2rza8=,cxJErriT7ob5pGJGZq+Q/PU+LCU=
-50,-167,oDeY2IXBJY1TxKFUdAoORg2rza8=,cxJErriT7ob5pGJGZq+Q/PU+LCU=
-64,-166,oDeY2IXBJY1TxKFUdAoORg2rza8=,cxJErriT7ob5pGJGZq+Q/PU+LCU=
-53,-167,oDeY2IXBJY1TxKFUdAoORg2rza8=,cxJErriT7ob5pGJGZq+Q/PU+LCU=
-59,-167,oDeY2IXBJY1TxKFUdAoORg2rza8=,cxJErriT7ob5pGJGZq+Q/PU+LCU=
-63,-166,oDeY2IXBJY1TxKFUdAoORg2rza8=,cxJErriT7ob5pGJGZq+Q/PU+LCU=
-49,-167,oDeY2IXBJY1TxKFUdAoORg2rza8=,cxJErriT7ob5pGJGZq+Q/PU+LCU=
-61,-166,oDeY2IXBJY1TxKFUdAoORg2rza8=,cxJErriT7ob5pGJGZq+Q/PU+LCU=
-53,-176,oDeY2IXBJY1TxKFUdAoORg2rza8=,cxJErriT7ob5pGJGZq+Q/PU+LCU=
-60,-166,oDeY2IXBJY1TxKFUdAoORg2rza8=,cxJErriT7ob5pGJGZq+Q/PU+LCU=
-56,-166,oDeY2IXBJY1TxKFUdAoORg2rza8=,cxJErriT7ob5pGJGZq+Q/PU+LCU=
-58,-166,oDeY2IXBJY1TxKFUdAoORg2rza8=,cxJErriT7ob5pGJGZq+Q/PU+LCU=
-55,-166,oDeY2IXBJY1TxKFUdAoORg2rza8=,cxJErriT7ob5pGJGZq+Q/PU+LCU=
-59,-166,oDeY2IXBJY1TxKFUdAoORg2rza8=,cxJErriT7ob5pGJGZq+Q/PU+LCU=
-54,-166,oDeY2IXBJY1TxKFUdAoORg2rza8=,cxJErriT7ob5pGJGZq+Q/PU+LCU=
-57,-166,oDeY2IXBJY1TxKFUdAoORg2rza8=,cxJErriT7ob5pGJGZq+Q/PU+LCU=
-62,-166,oDeY2IXBJY1TxKFUdAoORg2rza8=,cxJErriT7ob5pGJGZq+Q/PU+LCU=
-52,-166,oDeY2IXBJY1TxKFUdAoORg2rza8=,cxJErriT7ob5pGJGZq+Q/PU+LCU=
-53,-166,oDeY2IXBJY1TxKFUdAoORg2rza8=,cxJErriT7ob5pGJGZq+Q/PU+LCU=
-51,-166,oDeY2IXBJY1TxKFUdAoORg2rza8=,cxJErriT7ob5pGJGZq+Q/PU+LCU=
-50,-166,oDeY2IXBJY1TxKFUdAoORg2rza8=,cxJErriT7ob5pGJGZq+Q/PU+LCU=
-64,-165,oDeY2IXBJY1TxKFUdAoORg2rza8=,cxJErriT7ob5pGJGZq+Q/PU+LCU=
-61,-165,oDeY2IXBJY1TxKFUdAoORg2rza8=,cxJErriT7ob5pGJGZq+Q/PU+LCU=
-60,-165,oDeY2IXBJY1TxKFUdAoORg2rza8=,cxJErriT7ob5pGJGZq+Q/PU+LCU=
-52,-176,oDeY2IXBJY1TxKFUdAoORg2rza8=,cxJErriT7ob5pGJGZq+Q/PU+LCU=
-58,-165,oDeY2IXBJY1TxKFUdAoORg2rza8=,cxJErriT7ob5pGJGZq+Q/PU+LCU=
-63,-165,oDeY2IXBJY1TxKFUdAoORg2rza8=,cxJErriT7ob5pGJGZq+Q/PU+LCU=
-49,-166,oDeY2IXBJY1TxKFUdAoORg2rza8=,cxJErriT7ob5pGJGZq+Q/PU+LCU=
-57,-165,oDeY2IXBJY1TxKFUdAoORg2rza8=,cxJErriT7ob5pGJGZq+Q/PU+LCU=
-56,-165,oDeY2IXBJY1TxKFUdAoORg2rza8=,cxJErriT7ob5pGJGZq+Q/PU+LCU=
-59,-165,oDeY2IXBJY1TxKFUdAoORg2rza8=,cxJErriT7ob5pGJGZq+Q/PU+LCU=
-55,-165,oDeY2IXBJY1TxKFUdAoORg2rza8=,cxJErriT7ob5pGJGZq+Q/PU+LCU=
-62,-165,oDeY2IXBJY1TxKFUdAoORg2rza8=,cxJErriT7ob5pGJGZq+Q/PU+LCU=
-50,-165,oDeY2IXBJY1TxKFUdAoORg2rza8=,cxJErriT7ob5pGJGZq+Q/PU+LCU=
-53,-165,oDeY2IXBJY1TxKFUdAoORg2rza8=,cxJErriT7ob5pGJGZq+Q/PU+LCU=
-54,-165,oDeY2IXBJY1TxKFUdAoORg2rza8=,cxJErriT7ob5pGJGZq+Q/PU+LCU=
-51,-165,oDeY2IXBJY1TxKFUdAoORg2rza8=,cxJErriT7ob5pGJGZq+Q/PU+LCU=
-63,-164,oDeY2IXBJY1TxKFUdAoORg2rza8=,cxJErriT7ob5pGJGZq+Q/PU+LCU=
-52,-165,oDeY2IXBJY1TxKFUdAoORg2rza8=,cxJErriT7ob5pGJGZq+Q/PU+LCU=
-49,-165,oDeY2IXBJY1TxKFUdAoORg2rza8=,cxJErriT7ob5pGJGZq+Q/PU+LCU=
-59,-164,oDeY2IXBJY1TxKFUdAoORg2rza8=,cxJErriT7ob5pGJGZq+Q/PU+LCU=
-60,-164,oDeY2IXBJY1TxKFUdAoORg2rza8=,cxJErriT7ob5pGJGZq+Q/PU+LCU=
-62,-164,oDeY2IXBJY1TxKFUdAoORg2rza8=,cxJErriT7ob5pGJGZq+Q/PU+LCU=
-64,-164,oDeY2IXBJY1TxKFUdAoORg2rza8=,cxJErriT7ob5pGJGZq+Q/PU+LCU=
-58,-164,oDeY2IXBJY1TxKFUdAoORg2rza8=,cxJErriT7ob5pGJGZq+Q/PU+LCU=
-55,-164,oDeY2IXBJY1TxKFUdAoORg2rza8=,cxJErriT7ob5pGJGZq+Q/PU+LCU=
-51,-176,oDeY2IXBJY1TxKFUdAoORg2rza8=,cxJErriT7ob5pGJGZq+Q/PU+LCU=
-54,-164,oDeY2IXBJY1TxKFUdAoORg2rza8=,cxJErriT7ob5pGJGZq+Q/PU+LCU=
-56,-164,oDeY2IXBJY1TxKFUdAoORg2rza8=,cxJErriT7ob5pGJGZq+Q/PU+LCU=
-61,-164,oDeY2IXBJY1TxKFUdAoORg2rza8=,cxJErriT7ob5pGJGZq+Q/PU+LCU=
-53,-164,oDeY2IXBJY1TxKFUdAoORg2rza8=,cxJErriT7ob5pGJGZq+Q/PU+LCU=
-51,-164,oDeY2IXBJY1TxKFUdAoORg2rza8=,cxJErriT7ob5pGJGZq+Q/PU+LCU=
-50,-164,oDeY2IXBJY1TxKFUdAoORg2rza8=,cxJErriT7ob5pGJGZq+Q/PU+LCU=
-57,-164,oDeY2IXBJY1TxKFUdAoORg2rza8=,cxJErriT7ob5pGJGZq+Q/PU+LCU=
-52,-164,oDeY2IXBJY1TxKFUdAoORg2rza8=,cxJErriT7ob5pGJGZq+Q/PU+LCU=
-63,-163,oDeY2IXBJY1TxKFUdAoORg2rza8=,cxJErriT7ob5pGJGZq+Q/PU+LCU=
-60,-163,oDeY2IXBJY1TxKFUdAoORg2rza8=,cxJErriT7ob5pGJGZq+Q/PU+LCU=
-49,-164,oDeY2IXBJY1TxKFUdAoORg2rza8=,cxJErriT7ob5pGJGZq+Q/PU+LCU=
-50,-176,oDeY2IXBJY1TxKFUdAoORg2rza8=,cxJErriT7ob5pGJGZq+Q/PU+LCU=
-59,-163,oDeY2IXBJY1TxKFUdAoORg2rza8=,cxJErriT7ob5pGJGZq+Q/PU+LCU=
-58,-163,oDeY2IXBJY1TxKFUdAoORg2rza8=,cxJErriT7ob5pGJGZq+Q/PU+LCU=
-62,-163,oDeY2IXBJY1TxKFUdAoORg2rza8=,cxJErriT7ob5pGJGZq+Q/PU+LCU=
-55,-163,oDeY2IXBJY1TxKFUdAoORg2rza8=,cxJErriT7ob5pGJGZq+Q/PU+LCU=
-54,-163,oDeY2IXBJY1TxKFUdAoORg2rza8=,cxJErriT7ob5pGJGZq+Q/PU+LCU=
-53,-163,oDeY2IXBJY1TxKFUdAoORg2rza8=,cxJErriT7ob5pGJGZq+Q/PU+LCU=
-56,-163,oDeY2IXBJY1TxKFUdAoORg2rza8=,cxJErriT7ob5pGJGZq+Q/PU+LCU=
-57,-163,oDeY2IXBJY1TxKFUdAoORg2rza8=,cxJErriT7ob5pGJGZq+Q/PU+LCU=
-64,-163,oDeY2IXBJY1TxKFUdAoORg2rza8=,cxJErriT7ob5pGJGZq+Q/PU+LCU=
-61,-163,oDeY2IXBJY1TxKFUdAoORg2rza8=,cxJErriT7ob5pGJGZq+Q/PU+LCU=
-52,-163,oDeY2IXBJY1TxKFUdAoORg2rza8=,cxJErriT7ob5pGJGZq+Q/PU+LCU=
-51,-163,oDeY2IXBJY1TxKFUdAoORg2rza8=,cxJErriT7ob5pGJGZq+Q/PU+LCU=
-46,-175,A1gnwlPjl/3SC6wSJXXd6wnOses=,cxJErriT7ob5pGJGZq+Q/PU+LCU=
-45,-175,A1gnwlPjl/3SC6wSJXXd6wnOses=,cxJErriT7ob5pGJGZq+Q/PU+LCU=
-33,-161,A1gnwlPjl/3SC6wSJXXd6wnOses=,cxJErriT7ob5pGJGZq+Q/PU+LCU=
-34,-161,A1gnwlPjl/3SC6wSJXXd6wnOses=,cxJErriT7ob5pGJGZq+Q/PU+LCU=
-44,-175,A1gnwlPjl/3SC6wSJXXd6wnOses=,cxJErriT7ob5pGJGZq+Q/PU+LCU=
-47,-176,A1gnwlPjl/3SC6wSJXXd6wnOses=,cxJErriT7ob5pGJGZq+Q/PU+LCU=
-35,-161,A1gnwlPjl/3SC6wSJXXd6wnOses=,cxJErriT7ob5pGJGZq+Q/PU+LCU=
-47,-175,A1gnwlPjl/3SC6wSJXXd6wnOses=,cxJErriT7ob5pGJGZq+Q/PU+LCU=
-43,-175,A1gnwlPjl/3SC6wSJXXd6wnOses=,cxJErriT7ob5pGJGZq+Q/PU+LCU=
-37,-161,A1gnwlPjl/3SC6wSJXXd6wnOses=,cxJErriT7ob5pGJGZq+Q/PU+LCU=
-36,-161,A1gnwlPjl/3SC6wSJXXd6wnOses=,cxJErriT7ob5pGJGZq+Q/PU+LCU=
-38,-161,A1gnwlPjl/3SC6wSJXXd6wnOses=,cxJErriT7ob5pGJGZq+Q/PU+LCU=
-42,-175,A1gnwlPjl/3SC6wSJXXd6wnOses=,cxJErriT7ob5pGJGZq+Q/PU+LCU=
-41,-161,A1gnwlPjl/3SC6wSJXXd6wnOses=,cxJErriT7ob5pGJGZq+Q/PU+LCU=
-40,-161,A1gnwlPjl/3SC6wSJXXd6wnOses=,cxJErriT7ob5pGJGZq+Q/PU+LCU=
-39,-161,A1gnwlPjl/3SC6wSJXXd6wnOses=,cxJErriT7ob5pGJGZq+Q/PU+LCU=
-41,-175,A1gnwlPjl/3SC6wSJXXd6wnOses=,cxJErriT7ob5pGJGZq+Q/PU+LCU=
-42,-161,A1gnwlPjl/3SC6wSJXXd6wnOses=,cxJErriT7ob5pGJGZq+Q/PU+LCU=
-43,-161,A1gnwlPjl/3SC6wSJXXd6wnOses=,cxJErriT7ob5pGJGZq+Q/PU+LCU=
-44,-161,A1gnwlPjl/3SC6wSJXXd6wnOses=,cxJErriT7ob5pGJGZq+Q/PU+LCU=
-40,-175,A1gnwlPjl/3SC6wSJXXd6wnOses=,cxJErriT7ob5pGJGZq+Q/PU+LCU=
-47,-161,A1gnwlPjl/3SC6wSJXXd6wnOses=,cxJErriT7ob5pGJGZq+Q/PU+LCU=
-48,-161,A1gnwlPjl/3SC6wSJXXd6wnOses=,cxJErriT7ob5pGJGZq+Q/PU+LCU=
-39,-175,A1gnwlPjl/3SC6wSJXXd6wnOses=,cxJErriT7ob5pGJGZq+Q/PU+LCU=
-48,-176,A1gnwlPjl/3SC6wSJXXd6wnOses=,cxJErriT7ob5pGJGZq+Q/PU+LCU=
-33,-162,A1gnwlPjl/3SC6wSJXXd6wnOses=,cxJErriT7ob5pGJGZq+Q/PU+LCU=
-48,-175,A1gnwlPjl/3SC6wSJXXd6wnOses=,cxJErriT7ob5pGJGZq+Q/PU+LCU=
-45,-161,A1gnwlPjl/3SC6wSJXXd6wnOses=,cxJErriT7ob5pGJGZq+Q/PU+LCU=
-38,-175,A1gnwlPjl/3SC6wSJXXd6wnOses=,cxJErriT7ob5pGJGZq+Q/PU+LCU=
-36,-162,A1gnwlPjl/3SC6wSJXXd6wnOses=,cxJErriT7ob5pGJGZq+Q/PU+LCU=
-46,-161,A1gnwlPjl/3SC6wSJXXd6wnOses=,cxJErriT7ob5pGJGZq+Q/PU+LCU=
-35,-162,A1gnwlPjl/3SC6wSJXXd6wnOses=,cxJErriT7ob5pGJGZq+Q/PU+LCU=
-38,-162,A1gnwlPjl/3SC6wSJXXd6wnOses=,cxJErriT7ob5pGJGZq+Q/PU+LCU=
-37,-162,A1gnwlPjl/3SC6wSJXXd6wnOses=,cxJErriT7ob5pGJGZq+Q/PU+LCU=
-34,-162,A1gnwlPjl/3SC6wSJXXd6wnOses=,cxJErriT7ob5pGJGZq+Q/PU+LCU=
-41,-162,A1gnwlPjl/3SC6wSJXXd6wnOses=,cxJErriT7ob5pGJGZq+Q/PU+LCU=
-39,-162,A1gnwlPjl/3SC6wSJXXd6wnOses=,cxJErriT7ob5pGJGZq+Q/PU+LCU=
-33,-176,A1gnwlPjl/3SC6wSJXXd6wnOses=,cxJErriT7ob5pGJGZq+Q/PU+LCU=
-37,-175,A1gnwlPjl/3SC6wSJXXd6wnOses=,cxJErriT7ob5pGJGZq+Q/PU+LCU=
-40,-162,A1gnwlPjl/3SC6wSJXXd6wnOses=,cxJErriT7ob5pGJGZq+Q/PU+LCU=
-44,-162,A1gnwlPjl/3SC6wSJXXd6wnOses=,cxJErriT7ob5pGJGZq+Q/PU+LCU=
-36,-175,A1gnwlPjl/3SC6wSJXXd6wnOses=,cxJErriT7ob5pGJGZq+Q/PU+LCU=
-42,-162,A1gnwlPjl/3SC6wSJXXd6wnOses=,cxJErriT7ob5pGJGZq+Q/PU+LCU=
-34,-176,A1gnwlPjl/3SC6wSJXXd6wnOses=,cxJErriT7ob5pGJGZq+Q/PU+LCU=
-47,-162,A1gnwlPjl/3SC6wSJXXd6wnOses=,cxJErriT7ob5pGJGZq+Q/PU+LCU=
-35,-175,A1gnwlPjl/3SC6wSJXXd6wnOses=,cxJErriT7ob5pGJGZq+Q/PU+LCU=
-43,-162,A1gnwlPjl/3SC6wSJXXd6wnOses=,cxJErriT7ob5pGJGZq+Q/PU+LCU=
-34,-175,A1gnwlPjl/3SC6wSJXXd6wnOses=,cxJErriT7ob5pGJGZq+Q/PU+LCU=
-48,-162,A1gnwlPjl/3SC6wSJXXd6wnOses=,cxJErriT7ob5pGJGZq+Q/PU+LCU=
-34,-163,A1gnwlPjl/3SC6wSJXXd6wnOses=,cxJErriT7ob5pGJGZq+Q/PU+LCU=
-33,-175,A1gnwlPjl/3SC6wSJXXd6wnOses=,cxJErriT7ob5pGJGZq+Q/PU+LCU=
-35,-163,A1gnwlPjl/3SC6wSJXXd6wnOses=,cxJErriT7ob5pGJGZq+Q/PU+LCU=
-33,-163,A1gnwlPjl/3SC6wSJXXd6wnOses=,cxJErriT7ob5pGJGZq+Q/PU+LCU=
-45,-162,A1gnwlPjl/3SC6wSJXXd6wnOses=,cxJErriT7ob5pGJGZq+Q/PU+LCU=
-38,-163,A1gnwlPjl/3SC6wSJXXd6wnOses=,cxJErriT7ob5pGJGZq+Q/PU+LCU=
-39,-163,A1gnwlPjl/3SC6wSJXXd6wnOses=,cxJErriT7ob5pGJGZq+Q/PU+LCU=
-37,-163,A1gnwlPjl/3SC6wSJXXd6wnOses=,cxJErriT7ob5pGJGZq+Q/PU+LCU=
-46,-176,A1gnwlPjl/3SC6wSJXXd6wnOses=,cxJErriT7ob5pGJGZq+Q/PU+LCU=
-46,-162,A1gnwlPjl/3SC6wSJXXd6wnOses=,cxJErriT7ob5pGJGZq+Q/PU+LCU=
-40,-163,A1gnwlPjl/3SC6wSJXXd6wnOses=,cxJErriT7ob5pGJGZq+Q/PU+LCU=
-48,-174,A1gnwlPjl/3SC6wSJXXd6wnOses=,cxJErriT7ob5pGJGZq+Q/PU+LCU=
-41,-163,A1gnwlPjl/3SC6wSJXXd6wnOses=,cxJErriT7ob5pGJGZq+Q/PU+LCU=
-42,-163,A1gnwlPjl/3SC6wSJXXd6wnOses=,cxJErriT7ob5pGJGZq+Q/PU+LCU=
-36,-163,A1gnwlPjl/3SC6wSJXXd6wnOses=,cxJErriT7ob5pGJGZq+Q/PU+LCU=
-47,-174,A1gnwlPjl/3SC6wSJXXd6wnOses=,cxJErriT7ob5pGJGZq+Q/PU+LCU=
-44,-163,A1gnwlPjl/3SC6wSJXXd6wnOses=,cxJErriT7ob5pGJGZq+Q/PU+LCU=
-47,-163,A1gnwlPjl/3SC6wSJXXd6wnOses=,cxJErriT7ob5pGJGZq+Q/PU+LCU=
-35,-176,A1gnwlPjl/3SC6wSJXXd6wnOses=,cxJErriT7ob5pGJGZq+Q/PU+LCU=
-46,-163,A1gnwlPjl/3SC6wSJXXd6wnOses=,cxJErriT7ob5pGJGZq+Q/PU+LCU=
-46,-174,A1gnwlPjl/3SC6wSJXXd6wnOses=,cxJErriT7ob5pGJGZq+Q/PU+LCU=
-45,-163,A1gnwlPjl/3SC6wSJXXd6wnOses=,cxJErriT7ob5pGJGZq+Q/PU+LCU=
-48,-163,A1gnwlPjl/3SC6wSJXXd6wnOses=,cxJErriT7ob5pGJGZq+Q/PU+LCU=
-43,-163,A1gnwlPjl/3SC6wSJXXd6wnOses=,cxJErriT7ob5pGJGZq+Q/PU+LCU=
-45,-174,A1gnwlPjl/3SC6wSJXXd6wnOses=,cxJErriT7ob5pGJGZq+Q/PU+LCU=
-34,-164,A1gnwlPjl/3SC6wSJXXd6wnOses=,cxJErriT7ob5pGJGZq+Q/PU+LCU=
-35,-164,A1gnwlPjl/3SC6wSJXXd6wnOses=,cxJErriT7ob5pGJGZq+Q/PU+LCU=
-36,-164,A1gnwlPjl/3SC6wSJXXd6wnOses=,cxJErriT7ob5pGJGZq+Q/PU+LCU=
-38,-164,A1gnwlPjl/3SC6wSJXXd6wnOses=,cxJErriT7ob5pGJGZq+Q/PU+LCU=
-44,-174,A1gnwlPjl/3SC6wSJXXd6wnOses=,cxJErriT7ob5pGJGZq+Q/PU+LCU=
-39,-164,A1gnwlPjl/3SC6wSJXXd6wnOses=,cxJErriT7ob5pGJGZq+Q/PU+LCU=
-40,-164,A1gnwlPjl/3SC6wSJXXd6wnOses=,cxJErriT7ob5pGJGZq+Q/PU+LCU=
-41,-164,A1gnwlPjl/3SC6wSJXXd6wnOses=,cxJErriT7ob5pGJGZq+Q/PU+LCU=
-43,-174,A1gnwlPjl/3SC6wSJXXd6wnOses=,cxJErriT7ob5pGJGZq+Q/PU+LCU=
-33,-164,A1gnwlPjl/3SC6wSJXXd6wnOses=,cxJErriT7ob5pGJGZq+Q/PU+LCU=
-37,-164,A1gnwlPjl/3SC6wSJXXd6wnOses=,cxJErriT7ob5pGJGZq+Q/PU+LCU=
-44,-164,A1gnwlPjl/3SC6wSJXXd6wnOses=,cxJErriT7ob5pGJGZq+Q/PU+LCU=
-42,-174,A1gnwlPjl/3SC6wSJXXd6wnOses=,cxJErriT7ob5pGJGZq+Q/PU+LCU=
-45,-164,A1gnwlPjl/3SC6wSJXXd6wnOses=,cxJErriT7ob5pGJGZq+Q/PU+LCU=
-47,-164,A1gnwlPjl/3SC6wSJXXd6wnOses=,cxJErriT7ob5pGJGZq+Q/PU+LCU=
-36,-176,A1gnwlPjl/3SC6wSJXXd6wnOses=,cxJErriT7ob5pGJGZq+Q/PU+LCU=
-41,-174,A1gnwlPjl/3SC6wSJXXd6wnOses=,cxJErriT7ob5pGJGZq+Q/PU+LCU=
-48,-164,A1gnwlPjl/3SC6wSJXXd6wnOses=,cxJErriT7ob5pGJGZq+Q/PU+LCU=
-46,-164,A1gnwlPjl/3SC6wSJXXd6wnOses=,cxJErriT7ob5pGJGZq+Q/PU+LCU=
-42,-164,A1gnwlPjl/3SC6wSJXXd6wnOses=,cxJErriT7ob5pGJGZq+Q/PU+LCU=
-40,-174,A1gnwlPjl/3SC6wSJXXd6wnOses=,cxJErriT7ob5pGJGZq+Q/PU+LCU=
-34,-165,A1gnwlPjl/3SC6wSJXXd6wnOses=,cxJErriT7ob5pGJGZq+Q/PU+LCU=
-43,-164,A1gnwlPjl/3SC6wSJXXd6wnOses=,cxJErriT7ob5pGJGZq+Q/PU+LCU=
-33,-165,A1gnwlPjl/3SC6wSJXXd6wnOses=,cxJErriT7ob5pGJGZq+Q/PU+LCU=
-39,-174,A1gnwlPjl/3SC6wSJXXd6wnOses=,cxJErriT7ob5pGJGZq+Q/PU+LCU=
-37,-165,A1gnwlPjl/3SC6wSJXXd6wnOses=,cxJErriT7ob5pGJGZq+Q/PU+LCU=
-35,-165,A1gnwlPjl/3SC6wSJXXd6wnOses=,cxJErriT7ob5pGJGZq+Q/PU+LCU=
-40,-165,A1gnwlPjl/3SC6wSJXXd6wnOses=,cxJErriT7ob5pGJGZq+Q/PU+LCU=
-36,-165,A1gnwlPjl/3SC6wSJXXd6wnOses=,cxJErriT7ob5pGJGZq+Q/PU+LCU=
-38,-165,A1gnwlPjl/3SC6wSJXXd6wnOses=,cxJErriT7ob5pGJGZq+Q/PU+LCU=
-38,-174,A1gnwlPjl/3SC6wSJXXd6wnOses=,cxJErriT7ob5pGJGZq+Q/PU+LCU=
-42,-165,A1gnwlPjl/3SC6wSJXXd6wnOses=,cxJErriT7ob5pGJGZq+Q/PU+LCU=
-37,-174,A1gnwlPjl/3SC6wSJXXd6wnOses=,cxJErriT7ob5pGJGZq+Q/PU+LCU=
-39,-165,A1gnwlPjl/3SC6wSJXXd6wnOses=,cxJErriT7ob5pGJGZq+Q/PU+LCU=
-41,-165,A1gnwlPjl/3SC6wSJXXd6wnOses=,cxJErriT7ob5pGJGZq+Q/PU+LCU=
-36,-174,A1gnwlPjl/3SC6wSJXXd6wnOses=,cxJErriT7ob5pGJGZq+Q/PU+LCU=
-37,-176,A1gnwlPjl/3SC6wSJXXd6wnOses=,cxJErriT7ob5pGJGZq+Q/PU+LCU=
-43,-165,A1gnwlPjl/3SC6wSJXXd6wnOses=,cxJErriT7ob5pGJGZq+Q/PU+LCU=
-44,-165,A1gnwlPjl/3SC6wSJXXd6wnOses=,cxJErriT7ob5pGJGZq+Q/PU+LCU=
-47,-165,A1gnwlPjl/3SC6wSJXXd6wnOses=,cxJErriT7ob5pGJGZq+Q/PU+LCU=
-45,-165,A1gnwlPjl/3SC6wSJXXd6wnOses=,cxJErriT7ob5pGJGZq+Q/PU+LCU=
-35,-174,A1gnwlPjl/3SC6wSJXXd6wnOses=,cxJErriT7ob5pGJGZq+Q/PU+LCU=
-35,-166,A1gnwlPjl/3SC6wSJXXd6wnOses=,cxJErriT7ob5pGJGZq+Q/PU+LCU=
-46,-165,A1gnwlPjl/3SC6wSJXXd6wnOses=,cxJErriT7ob5pGJGZq+Q/PU+LCU=
-48,-165,A1gnwlPjl/3SC6wSJXXd6wnOses=,cxJErriT7ob5pGJGZq+Q/PU+LCU=
-34,-174,A1gnwlPjl/3SC6wSJXXd6wnOses=,cxJErriT7ob5pGJGZq+Q/PU+LCU=
-33,-166,A1gnwlPjl/3SC6wSJXXd6wnOses=,cxJErriT7ob5pGJGZq+Q/PU+LCU=
-38,-166,A1gnwlPjl/3SC6wSJXXd6wnOses=,cxJErriT7ob5pGJGZq+Q/PU+LCU=
-36,-166,A1gnwlPjl/3SC6wSJXXd6wnOses=,cxJErriT7ob5pGJGZq+Q/PU+LCU=
-34,-166,A1gnwlPjl/3SC6wSJXXd6wnOses=,cxJErriT7ob5pGJGZq+Q/PU+LCU=
-37,-166,A1gnwlPjl/3SC6wSJXXd6wnOses=,cxJErriT7ob5pGJGZq+Q/PU+LCU=
-33,-174,A1gnwlPjl/3SC6wSJXXd6wnOses=,cxJErriT7ob5pGJGZq+Q/PU+LCU=
-44,-166,A1gnwlPjl/3SC6wSJXXd6wnOses=,cxJErriT7ob5pGJGZq+Q/PU+LCU=
-48,-173,A1gnwlPjl/3SC6wSJXXd6wnOses=,cxJErriT7ob5pGJGZq+Q/PU+LCU=
-43,-166,A1gnwlPjl/3SC6wSJXXd6wnOses=,cxJErriT7ob5pGJGZq+Q/PU+LCU=
-40,-166,A1gnwlPjl/3SC6wSJXXd6wnOses=,cxJErriT7ob5pGJGZq+Q/PU+LCU=
-41,-166,A1gnwlPjl/3SC6wSJXXd6wnOses=,cxJErriT7ob5pGJGZq+Q/PU+LCU=
-39,-166,A1gnwlPjl/3SC6wSJXXd6wnOses=,cxJErriT7ob5pGJGZq+Q/PU+LCU=
-42,-166,A1gnwlPjl/3SC6wSJXXd6wnOses=,cxJErriT7ob5pGJGZq+Q/PU+LCU=
-45,-176,A1gnwlPjl/3SC6wSJXXd6wnOses=,cxJErriT7ob5pGJGZq+Q/PU+LCU=
-45,-166,A1gnwlPjl/3SC6wSJXXd6wnOses=,cxJErriT7ob5pGJGZq+Q/PU+LCU=
-46,-166,A1gnwlPjl/3SC6wSJXXd6wnOses=,cxJErriT7ob5pGJGZq+Q/PU+LCU=
-38,-176,A1gnwlPjl/3SC6wSJXXd6wnOses=,cxJErriT7ob5pGJGZq+Q/PU+LCU=
-47,-166,A1gnwlPjl/3SC6wSJXXd6wnOses=,cxJErriT7ob5pGJGZq+Q/PU+LCU=
-47,-173,A1gnwlPjl/3SC6wSJXXd6wnOses=,cxJErriT7ob5pGJGZq+Q/PU+LCU=
-33,-167,A1gnwlPjl/3SC6wSJXXd6wnOses=,cxJErriT7ob5pGJGZq+Q/PU+LCU=
-37,-167,A1gnwlPjl/3SC6wSJXXd6wnOses=,cxJErriT7ob5pGJGZq+Q/PU+LCU=
-48,-166,A1gnwlPjl/3SC6wSJXXd6wnOses=,cxJErriT7ob5pGJGZq+Q/PU+LCU=
-34,-167,A1gnwlPjl/3SC6wSJXXd6wnOses=,cxJErriT7ob5pGJGZq+Q/PU+LCU=
-46,-173,A1gnwlPjl/3SC6wSJXXd6wnOses=,cxJErriT7ob5pGJGZq+Q/PU+LCU=
-35,-167,A1gnwlPjl/3SC6wSJXXd6wnOses=,cxJErriT7ob5pGJGZq+Q/PU+LCU=
-36,-167,A1gnwlPjl/3SC6wSJXXd6wnOses=,cxJErriT7ob5pGJGZq+Q/PU+LCU=
-38,-167,A1gnwlPjl/3SC6wSJXXd6wnOses=,cxJErriT7ob5pGJGZq+Q/PU+LCU=
-40,-167,A1gnwlPjl/3SC6wSJXXd6wnOses=,cxJErriT7ob5pGJGZq+Q/PU+LCU=
-45,-173,A1gnwlPjl/3SC6wSJXXd6wnOses=,cxJErriT7ob5pGJGZq+Q/PU+LCU=
-43,-167,A1gnwlPjl/3SC6wSJXXd6wnOses=,cxJErriT7ob5pGJGZq+Q/PU+LCU=
-44,-173,A1gnwlPjl/3SC6wSJXXd6wnOses=,cxJErriT7ob5pGJGZq+Q/PU+LCU=
-39,-167,A1gnwlPjl/3SC6wSJXXd6wnOses=,cxJErriT7ob5pGJGZq+Q/PU+LCU=
-42,-167,A1gnwlPjl/3SC6wSJXXd6wnOses=,cxJErriT7ob5pGJGZq+Q/PU+LCU=
-41,-167,A1gnwlPjl/3SC6wSJXXd6wnOses=,cxJErriT7ob5pGJGZq+Q/PU+LCU=
-43,-173,A1gnwlPjl/3SC6wSJXXd6wnOses=,cxJErriT7ob5pGJGZq+Q/PU+LCU=
-45,-167,A1gnwlPjl/3SC6wSJXXd6wnOses=,cxJErriT7ob5pGJGZq+Q/PU+LCU=
-44,-167,A1gnwlPjl/3SC6wSJXXd6wnOses=,cxJErriT7ob5pGJGZq+Q/PU+LCU=
-48,-167,A1gnwlPjl/3SC6wSJXXd6wnOses=,cxJErriT7ob5pGJGZq+Q/PU+LCU=
-42,-173,A1gnwlPjl/3SC6wSJXXd6wnOses=,cxJErriT7ob5pGJGZq+Q/PU+LCU=
-47,-167,A1gnwlPjl/3SC6wSJXXd6wnOses=,cxJErriT7ob5pGJGZq+Q/PU+LCU=
-39,-176,A1gnwlPjl/3SC6wSJXXd6wnOses=,cxJErriT7ob5pGJGZq+Q/PU+LCU=
-46,-167,A1gnwlPjl/3SC6wSJXXd6wnOses=,cxJErriT7ob5pGJGZq+Q/PU+LCU=
-37,-168,A1gnwlPjl/3SC6wSJXXd6wnOses=,cxJErriT7ob5pGJGZq+Q/PU+LCU=
-33,-168,A1gnwlPjl/3SC6wSJXXd6wnOses=,cxJErriT7ob5pGJGZq+Q/PU+LCU=
-41,-173,A1gnwlPjl/3SC6wSJXXd6wnOses=,cxJErriT7ob5pGJGZq+Q/PU+LCU=
-34,-168,A1gnwlPjl/3SC6wSJXXd6wnOses=,cxJErriT7ob5pGJGZq+Q/PU+LCU=
-40,-173,A1gnwlPjl/3SC6wSJXXd6wnOses=,cxJErriT7ob5pGJGZq+Q/PU+LCU=
-36,-168,A1gnwlPjl/3SC6wSJXXd6wnOses=,cxJErriT7ob5pGJGZq+Q/PU+LCU=
-38,-168,A1gnwlPjl/3SC6wSJXXd6wnOses=,cxJErriT7ob5pGJGZq+Q/PU+LCU=
-35,-168,A1gnwlPjl/3SC6wSJXXd6wnOses=,cxJErriT7ob5pGJGZq+Q/PU+LCU=
-40,-168,A1gnwlPjl/3SC6wSJXXd6wnOses=,cxJErriT7ob5pGJGZq+Q/PU+LCU=
-39,-173,A1gnwlPjl/3SC6wSJXXd6wnOses=,cxJErriT7ob5pGJGZq+Q/PU+LCU=
-41,-168,A1gnwlPjl/3SC6wSJXXd6wnOses=,cxJErriT7ob5pGJGZq+Q/PU+LCU=
-39,-168,A1gnwlPjl/3SC6wSJXXd6wnOses=,cxJErriT7ob5pGJGZq+Q/PU+LCU=
-42,-168,A1gnwlPjl/3SC6wSJXXd6wnOses=,cxJErriT7ob5pGJGZq+Q/PU+LCU=
-38,-173,A1gnwlPjl/3SC6wSJXXd6wnOses=,cxJErriT7ob5pGJGZq+Q/PU+LCU=
-43,-168,A1gnwlPjl/3SC6wSJXXd6wnOses=,cxJErriT7ob5pGJGZq+Q/PU+LCU=
-37,-173,A1gnwlPjl/3SC6wSJXXd6wnOses=,cxJErriT7ob5pGJGZq+Q/PU+LCU=
-44,-168,A1gnwlPjl/3SC6wSJXXd6wnOses=,cxJErriT7ob5pGJGZq+Q/PU+LCU=
-45,-168,A1gnwlPjl/3SC6wSJXXd6wnOses=,cxJErriT7ob5pGJGZq+Q/PU+LCU=
-47,-168,A1gnwlPjl/3SC6wSJXXd6wnOses=,cxJErriT7ob5pGJGZq+Q/PU+LCU=
-36,-173,A1gnwlPjl/3SC6wSJXXd6wnOses=,cxJErriT7ob5pGJGZq+Q/PU+LCU=
-46,-168,A1gnwlPjl/3SC6wSJXXd6wnOses=,cxJErriT7ob5pGJGZq+Q/PU+LCU=
-40,-176,A1gnwlPjl/3SC6wSJXXd6wnOses=,cxJErriT7ob5pGJGZq+Q/PU+LCU=
-48,-168,A1gnwlPjl/3SC6wSJXXd6wnOses=,cxJErriT7ob5pGJGZq+Q/PU+LCU=
-35,-173,A1gnwlPjl/3SC6wSJXXd6wnOses=,cxJErriT7ob5pGJGZq+Q/PU+LCU=
-34,-169,A1gnwlPjl/3SC6wSJXXd6wnOses=,cxJErriT7ob5pGJGZq+Q/PU+LCU=
-35,-169,A1gnwlPjl/3SC6wSJXXd6wnOses=,cxJErriT7ob5pGJGZq+Q/PU+LCU=
-33,-169,A1gnwlPjl/3SC6wSJXXd6wnOses=,cxJErriT7ob5pGJGZq+Q/PU+LCU=
-36,-169,A1gnwlPjl/3SC6wSJXXd6wnOses=,cxJErriT7ob5pGJGZq+Q/PU+LCU=
-34,-173,A1gnwlPjl/3SC6wSJXXd6wnOses=,cxJErriT7ob5pGJGZq+Q/PU+LCU=
-37,-169,A1gnwlPjl/3SC6wSJXXd6wnOses=,cxJErriT7ob5pGJGZq+Q/PU+LCU=
-38,-169,A1gnwlPjl/3SC6wSJXXd6wnOses=,cxJErriT7ob5pGJGZq+Q/PU+LCU=
-39,-169,A1gnwlPjl/3SC6wSJXXd6wnOses=,cxJErriT7ob5pGJGZq+Q/PU+LCU=
-33,-173,A1gnwlPjl/3SC6wSJXXd6wnOses=,cxJErriT7ob5pGJGZq+Q/PU+LCU=
-40,-169,A1gnwlPjl/3SC6wSJXXd6wnOses=,cxJErriT7ob5pGJGZq+Q/PU+LCU=
-41,-169,A1gnwlPjl/3SC6wSJXXd6wnOses=,cxJErriT7ob5pGJGZq+Q/PU+LCU=
-48,-172,A1gnwlPjl/3SC6wSJXXd6wnOses=,cxJErriT7ob5pGJGZq+Q/PU+LCU=
-42,-169,A1gnwlPjl/3SC6wSJXXd6wnOses=,cxJErriT7ob5pGJGZq+Q/PU+LCU=
-43,-169,A1gnwlPjl/3SC6wSJXXd6wnOses=,cxJErriT7ob5pGJGZq+Q/PU+LCU=
-44,-169,A1gnwlPjl/3SC6wSJXXd6wnOses=,cxJErriT7ob5pGJGZq+Q/PU+LCU=
-45,-169,A1gnwlPjl/3SC6wSJXXd6wnOses=,cxJErriT7ob5pGJGZq+Q/PU+LCU=
-46,-169,A1gnwlPjl/3SC6wSJXXd6wnOses=,cxJErriT7ob5pGJGZq+Q/PU+LCU=
-44,-176,A1gnwlPjl/3SC6wSJXXd6wnOses=,cxJErriT7ob5pGJGZq+Q/PU+LCU=
-47,-169,A1gnwlPjl/3SC6wSJXXd6wnOses=,cxJErriT7ob5pGJGZq+Q/PU+LCU=
-41,-176,A1gnwlPjl/3SC6wSJXXd6wnOses=,cxJErriT7ob5pGJGZq+Q/PU+LCU=
-48,-169,A1gnwlPjl/3SC6wSJXXd6wnOses=,cxJErriT7ob5pGJGZq+Q/PU+LCU=
-34,-170,A1gnwlPjl/3SC6wSJXXd6wnOses=,cxJErriT7ob5pGJGZq+Q/PU+LCU=
-33,-170,A1gnwlPjl/3SC6wSJXXd6wnOses=,cxJErriT7ob5pGJGZq+Q/PU+LCU=
-47,-172,A1gnwlPjl/3SC6wSJXXd6wnOses=,cxJErriT7ob5pGJGZq+Q/PU+LCU=
-35,-170,A1gnwlPjl/3SC6wSJXXd6wnOses=,cxJErriT7ob5pGJGZq+Q/PU+LCU=
-36,-170,A1gnwlPjl/3SC6wSJXXd6wnOses=,cxJErriT7ob5pGJGZq+Q/PU+LCU=
-38,-170,A1gnwlPjl/3SC6wSJXXd6wnOses=,cxJErriT7ob5pGJGZq+Q/PU+LCU=
-37,-170,A1gnwlPjl/3SC6wSJXXd6wnOses=,cxJErriT7ob5pGJGZq+Q/PU+LCU=
-39,-170,A1gnwlPjl/3SC6wSJXXd6wnOses=,cxJErriT7ob5pGJGZq+Q/PU+LCU=
-40,-170,A1gnwlPjl/3SC6wSJXXd6wnOses=,cxJErriT7ob5pGJGZq+Q/PU+LCU=
-46,-172,A1gnwlPjl/3SC6wSJXXd6wnOses=,cxJErriT7ob5pGJGZq+Q/PU+LCU=
-41,-170,A1gnwlPjl/3SC6wSJXXd6wnOses=,cxJErriT7ob5pGJGZq+Q/PU+LCU=
-42,-170,A1gnwlPjl/3SC6wSJXXd6wnOses=,cxJErriT7ob5pGJGZq+Q/PU+LCU=
-43,-170,A1gnwlPjl/3SC6wSJXXd6wnOses=,cxJErriT7ob5pGJGZq+Q/PU+LCU=
-45,-172,A1gnwlPjl/3SC6wSJXXd6wnOses=,cxJErriT7ob5pGJGZq+Q/PU+LCU=
-46,-170,A1gnwlPjl/3SC6wSJXXd6wnOses=,cxJErriT7ob5pGJGZq+Q/PU+LCU=
-44,-170,A1gnwlPjl/3SC6wSJXXd6wnOses=,cxJErriT7ob5pGJGZq+Q/PU+LCU=
-45,-170,A1gnwlPjl/3SC6wSJXXd6wnOses=,cxJErriT7ob5pGJGZq+Q/PU+LCU=
-44,-172,A1gnwlPjl/3SC6wSJXXd6wnOses=,cxJErriT7ob5pGJGZq+Q/PU+LCU=
-42,-176,A1gnwlPjl/3SC6wSJXXd6wnOses=,cxJErriT7ob5pGJGZq+Q/PU+LCU=
-48,-170,A1gnwlPjl/3SC6wSJXXd6wnOses=,cxJErriT7ob5pGJGZq+Q/PU+LCU=
-43,-172,A1gnwlPjl/3SC6wSJXXd6wnOses=,cxJErriT7ob5pGJGZq+Q/PU+LCU=
-47,-170,A1gnwlPjl/3SC6wSJXXd6wnOses=,cxJErriT7ob5pGJGZq+Q/PU+LCU=
-42,-172,A1gnwlPjl/3SC6wSJXXd6wnOses=,cxJErriT7ob5pGJGZq+Q/PU+LCU=
-35,-171,A1gnwlPjl/3SC6wSJXXd6wnOses=,cxJErriT7ob5pGJGZq+Q/PU+LCU=
-34,-171,A1gnwlPjl/3SC6wSJXXd6wnOses=,cxJErriT7ob5pGJGZq+Q/PU+LCU=
-36,-171,A1gnwlPjl/3SC6wSJXXd6wnOses=,cxJErriT7ob5pGJGZq+Q/PU+LCU=
-41,-172,A1gnwlPjl/3SC6wSJXXd6wnOses=,cxJErriT7ob5pGJGZq+Q/PU+LCU=
-37,-171,A1gnwlPjl/3SC6wSJXXd6wnOses=,cxJErriT7ob5pGJGZq+Q/PU+LCU=
-33,-171,A1gnwlPjl/3SC6wSJXXd6wnOses=,cxJErriT7ob5pGJGZq+Q/PU+LCU=
-38,-171,A1gnwlPjl/3SC6wSJXXd6wnOses=,cxJErriT7ob5pGJGZq+Q/PU+LCU=
-40,-172,A1gnwlPjl/3SC6wSJXXd6wnOses=,cxJErriT7ob5pGJGZq+Q/PU+LCU=
-39,-171,A1gnwlPjl/3SC6wSJXXd6wnOses=,cxJErriT7ob5pGJGZq+Q/PU+LCU=
-40,-171,A1gnwlPjl/3SC6wSJXXd6wnOses=,cxJErriT7ob5pGJGZq+Q/PU+LCU=
-41,-171,A1gnwlPjl/3SC6wSJXXd6wnOses=,cxJErriT7ob5pGJGZq+Q/PU+LCU=
-42,-171,A1gnwlPjl/3SC6wSJXXd6wnOses=,cxJErriT7ob5pGJGZq+Q/PU+LCU=
-39,-172,A1gnwlPjl/3SC6wSJXXd6wnOses=,cxJErriT7ob5pGJGZq+Q/PU+LCU=
-43,-171,A1gnwlPjl/3SC6wSJXXd6wnOses=,cxJErriT7ob5pGJGZq+Q/PU+LCU=
-44,-171,A1gnwlPjl/3SC6wSJXXd6wnOses=,cxJErriT7ob5pGJGZq+Q/PU+LCU=
-38,-172,A1gnwlPjl/3SC6wSJXXd6wnOses=,cxJErriT7ob5pGJGZq+Q/PU+LCU=
-45,-171,A1gnwlPjl/3SC6wSJXXd6wnOses=,cxJErriT7ob5pGJGZq+Q/PU+LCU=
-37,-172,A1gnwlPjl/3SC6wSJXXd6wnOses=,cxJErriT7ob5pGJGZq+Q/PU+LCU=
-46,-171,A1gnwlPjl/3SC6wSJXXd6wnOses=,cxJErriT7ob5pGJGZq+Q/PU+LCU=
-36,-172,A1gnwlPjl/3SC6wSJXXd6wnOses=,cxJErriT7ob5pGJGZq+Q/PU+LCU=
-43,-176,A1gnwlPjl/3SC6wSJXXd6wnOses=,cxJErriT7ob5pGJGZq+Q/PU+LCU=
-35,-172,A1gnwlPjl/3SC6wSJXXd6wnOses=,cxJErriT7ob5pGJGZq+Q/PU+LCU=
-33,-172,A1gnwlPjl/3SC6wSJXXd6wnOses=,cxJErriT7ob5pGJGZq+Q/PU+LCU=
-47,-171,A1gnwlPjl/3SC6wSJXXd6wnOses=,cxJErriT7ob5pGJGZq+Q/PU+LCU=
-48,-171,A1gnwlPjl/3SC6wSJXXd6wnOses=,cxJErriT7ob5pGJGZq+Q/PU+LCU=
-34,-172,A1gnwlPjl/3SC6wSJXXd6wnOses=,cxJErriT7ob5pGJGZq+Q/PU+LCU=
