-68,-11,Pmh2TnsGk1VDM3yOz9iaeVkK8Q0=,pHkrJl+UxDhU2FL0nyYK2CPq/FI=
-68,-12,Pmh2TnsGk1VDM3yOz9iaeVkK8Q0=,pHkrJl+UxDhU2FL0nyYK2CPq/FI=
-67,-11,Pmh2TnsGk1VDM3yOz9iaeVkK8Q0=,pHkrJl+UxDhU2FL0nyYK2CPq/FI=
-66,-14,Pmh2TnsGk1VDM3yOz9iaeVkK8Q0=,pHkrJl+UxDhU2FL0nyYK2CPq/FI=
-66,-11,Pmh2TnsGk1VDM3yOz9iaeVkK8Q0=,pHkrJl+UxDhU2FL0nyYK2CPq/FI=
-70,-13,Pmh2TnsGk1VDM3yOz9iaeVkK8Q0=,pHkrJl+UxDhU2FL0nyYK2CPq/FI=
-66,-10,Pmh2TnsGk1VDM3yOz9iaeVkK8Q0=,pHkrJl+UxDhU2FL0nyYK2CPq/FI=
-68,-15,Pmh2TnsGk1VDM3yOz9iaeVkK8Q0=,pHkrJl+UxDhU2FL0nyYK2CPq/FI=
-66,-15,Pmh2TnsGk1VDM3yOz9iaeVkK8Q0=,pHkrJl+UxDhU2FL0nyYK2CPq/FI=
-69,-13,Pmh2TnsGk1VDM3yOz9iaeVkK8Q0=,pHkrJl+UxDhU2FL0nyYK2CPq/FI=
-71,-14,Pmh2TnsGk1VDM3yOz9iaeVkK8Q0=,pHkrJl+UxDhU2FL0nyYK2CPq/FI=
-70,-14,Pmh2TnsGk1VDM3yOz9iaeVkK8Q0=,pHkrJl+UxDhU2FL0nyYK2CPq/FI=
-69,-14,Pmh2TnsGk1VDM3yOz9iaeVkK8Q0=,pHkrJl+UxDhU2FL0nyYK2CPq/FI=
-67,-10,Pmh2TnsGk1VDM3yOz9iaeVkK8Q0=,pHkrJl+UxDhU2FL0nyYK2CPq/FI=
-76,-6,nZuU6rbaPdvZ6SdyQxSzH5AS0So=,WiSaFpNXlNC2E0+0YH//fDMN80k=
-75,-6,nZuU6rbaPdvZ6SdyQxSzH5AS0So=,WiSaFpNXlNC2E0+0YH//fDMN80k=
-74,-6,nZuU6rbaPdvZ6SdyQxSzH5AS0So=,WiSaFpNXlNC2E0+0YH//fDMN80k=
-73,-6,M6C5udAalbJ5iLzBOBuXtXkGZpA=,WiSaFpNXlNC2E0+0YH//fDMN80k=
-79,-5,nZuU6rbaPdvZ6SdyQxSzH5AS0So=,WiSaFpNXlNC2E0+0YH//fDMN80k=
-78,-5,nZuU6rbaPdvZ6SdyQxSzH5AS0So=,WiSaFpNXlNC2E0+0YH//fDMN80k=
-77,-5,nZuU6rbaPdvZ6SdyQxSzH5AS0So=,WiSaFpNXlNC2E0+0YH//fDMN80k=
-76,-5,nZuU6rbaPdvZ6SdyQxSzH5AS0So=,WiSaFpNXlNC2E0+0YH//fDMN80k=
-75,-5,nZuU6rbaPdvZ6SdyQxSzH5AS0So=,WiSaFpNXlNC2E0+0YH//fDMN80k=
-74,-5,nZuU6rbaPdvZ6SdyQxSzH5AS0So=,WiSaFpNXlNC2E0+0YH//fDMN80k=
-73,-5,M6C5udAalbJ5iLzBOBuXtXkGZpA=,WiSaFpNXlNC2E0+0YH//fDMN80k=
-79,-4,nZuU6rbaPdvZ6SdyQxSzH5AS0So=,WiSaFpNXlNC2E0+0YH//fDMN80k=
-78,-4,nZuU6rbaPdvZ6SdyQxSzH5AS0So=,WiSaFpNXlNC2E0+0YH//fDMN80k=
-77,-4,nZuU6rbaPdvZ6SdyQxSzH5AS0So=,WiSaFpNXlNC2E0+0YH//fDMN80k=
-76,-4,nZuU6rbaPdvZ6SdyQxSzH5AS0So=,WiSaFpNXlNC2E0+0YH//fDMN80k=
-75,-4,nZuU6rbaPdvZ6SdyQxSzH5AS0So=,WiSaFpNXlNC2E0+0YH//fDMN80k=
-74,-4,nZuU6rbaPdvZ6SdyQxSzH5AS0So=,WiSaFpNXlNC2E0+0YH//fDMN80k=
-73,-4,M6C5udAalbJ5iLzBOBuXtXkGZpA=,WiSaFpNXlNC2E0+0YH//fDMN80k=
-79,-3,nZuU6rbaPdvZ6SdyQxSzH5AS0So=,WiSaFpNXlNC2E0+0YH//fDMN80k=
-78,-3,nZuU6rbaPdvZ6SdyQxSzH5AS0So=,WiSaFpNXlNC2E0+0YH//fDMN80k=
-77,-3,nZuU6rbaPdvZ6SdyQxSzH5AS0So=,WiSaFpNXlNC2E0+0YH//fDMN80k=
-76,-3,nZuU6rbaPdvZ6SdyQxSzH5AS0So=,WiSaFpNXlNC2E0+0YH//fDMN80k=
-75,-3,nZuU6rbaPdvZ6SdyQxSzH5AS0So=,WiSaFpNXlNC2E0+0YH//fDMN80k=
-74,-3,nZuU6rbaPdvZ6SdyQxSzH5AS0So=,WiSaFpNXlNC2E0+0YH//fDMN80k=
-73,-3,M6C5udAalbJ5iLzBOBuXtXkGZpA=,WiSaFpNXlNC2E0+0YH//fDMN80k=
-79,-2,nZuU6rbaPdvZ6SdyQxSzH5AS0So=,WiSaFpNXlNC2E0+0YH//fDMN80k=
-78,-2,nZuU6rbaPdvZ6SdyQxSzH5AS0So=,WiSaFpNXlNC2E0+0YH//fDMN80k=
-77,-2,nZuU6rbaPdvZ6SdyQxSzH5AS0So=,WiSaFpNXlNC2E0+0YH//fDMN80k=
-76,-2,nZuU6rbaPdvZ6SdyQxSzH5AS0So=,WiSaFpNXlNC2E0+0YH//fDMN80k=
-75,-2,nZuU6rbaPdvZ6SdyQxSzH5AS0So=,WiSaFpNXlNC2E0+0YH//fDMN80k=
-74,-2,nZuU6rbaPdvZ6SdyQxSzH5AS0So=,WiSaFpNXlNC2E0+0YH//fDMN80k=
-73,-2,M6C5udAalbJ5iLzBOBuXtXkGZpA=,WiSaFpNXlNC2E0+0YH//fDMN80k=
-79,-7,nZuU6rbaPdvZ6SdyQxSzH5AS0So=,WiSaFpNXlNC2E0+0YH//fDMN80k=
-78,-7,nZuU6rbaPdvZ6SdyQxSzH5AS0So=,WiSaFpNXlNC2E0+0YH//fDMN80k=
-77,-7,nZuU6rbaPdvZ6SdyQxSzH5AS0So=,WiSaFpNXlNC2E0+0YH//fDMN80k=
-76,-7,nZuU6rbaPdvZ6SdyQxSzH5AS0So=,WiSaFpNXlNC2E0+0YH//fDMN80k=
-75,-7,nZuU6rbaPdvZ6SdyQxSzH5AS0So=,WiSaFpNXlNC2E0+0YH//fDMN80k=
-74,-7,nZuU6rbaPdvZ6SdyQxSzH5AS0So=,WiSaFpNXlNC2E0+0YH//fDMN80k=
-73,-7,M6C5udAalbJ5iLzBOBuXtXkGZpA=,WiSaFpNXlNC2E0+0YH//fDMN80k=
-79,-6,nZuU6rbaPdvZ6SdyQxSzH5AS0So=,WiSaFpNXlNC2E0+0YH//fDMN80k=
-78,-6,nZuU6rbaPdvZ6SdyQxSzH5AS0So=,WiSaFpNXlNC2E0+0YH//fDMN80k=
-77,-6,nZuU6rbaPdvZ6SdyQxSzH5AS0So=,WiSaFpNXlNC2E0+0YH//fDMN80k=
-68,-10,Pmh2TnsGk1VDM3yOz9iaeVkK8Q0=,pHkrJl+UxDhU2FL0nyYK2CPq/FI=
-66,-9,Pmh2TnsGk1VDM3yOz9iaeVkK8Q0=,pHkrJl+UxDhU2FL0nyYK2CPq/FI=
-67,-9,Pmh2TnsGk1VDM3yOz9iaeVkK8Q0=,pHkrJl+UxDhU2FL0nyYK2CPq/FI=
-69,-10,Pmh2TnsGk1VDM3yOz9iaeVkK8Q0=,pHkrJl+UxDhU2FL0nyYK2CPq/FI=
-71,-13,Pmh2TnsGk1VDM3yOz9iaeVkK8Q0=,pHkrJl+UxDhU2FL0nyYK2CPq/FI=
-68,-9,Pmh2TnsGk1VDM3yOz9iaeVkK8Q0=,pHkrJl+UxDhU2FL0nyYK2CPq/FI=
-70,-10,Pmh2TnsGk1VDM3yOz9iaeVkK8Q0=,pHkrJl+UxDhU2FL0nyYK2CPq/FI=
-69,-9,Pmh2TnsGk1VDM3yOz9iaeVkK8Q0=,pHkrJl+UxDhU2FL0nyYK2CPq/FI=
-71,-10,Pmh2TnsGk1VDM3yOz9iaeVkK8Q0=,pHkrJl+UxDhU2FL0nyYK2CPq/FI=
-70,-9,Pmh2TnsGk1VDM3yOz9iaeVkK8Q0=,pHkrJl+UxDhU2FL0nyYK2CPq/FI=
-69,-11,Pmh2TnsGk1VDM3yOz9iaeVkK8Q0=,pHkrJl+UxDhU2FL0nyYK2CPq/FI=
-71,-9,Pmh2TnsGk1VDM3yOz9iaeVkK8Q0=,pHkrJl+UxDhU2FL0nyYK2CPq/FI=
-70,-11,Pmh2TnsGk1VDM3yOz9iaeVkK8Q0=,pHkrJl+UxDhU2FL0nyYK2CPq/FI=
-67,-12,Pmh2TnsGk1VDM3yOz9iaeVkK8Q0=,pHkrJl+UxDhU2FL0nyYK2CPq/FI=
-68,-14,Pmh2TnsGk1VDM3yOz9iaeVkK8Q0=,pHkrJl+UxDhU2FL0nyYK2CPq/FI=
-71,-15,Pmh2TnsGk1VDM3yOz9iaeVkK8Q0=,pHkrJl+UxDhU2FL0nyYK2CPq/FI=
-69,-12,Pmh2TnsGk1VDM3yOz9iaeVkK8Q0=,pHkrJl+UxDhU2FL0nyYK2CPq/FI=
-71,-11,Pmh2TnsGk1VDM3yOz9iaeVkK8Q0=,pHkrJl+UxDhU2FL0nyYK2CPq/FI=
-70,-12,Pmh2TnsGk1VDM3yOz9iaeVkK8Q0=,pHkrJl+UxDhU2FL0nyYK2CPq/FI=
-71,-12,Pmh2TnsGk1VDM3yOz9iaeVkK8Q0=,pHkrJl+UxDhU2FL0nyYK2CPq/FI=
-66,-12,Pmh2TnsGk1VDM3yOz9iaeVkK8Q0=,pHkrJl+UxDhU2FL0nyYK2CPq/FI=
-70,-15,Pmh2TnsGk1VDM3yOz9iaeVkK8Q0=,pHkrJl+UxDhU2FL0nyYK2CPq/FI=
-68,-13,Pmh2TnsGk1VDM3yOz9iaeVkK8Q0=,pHkrJl+UxDhU2FL0nyYK2CPq/FI=
-69,-15,Pmh2TnsGk1VDM3yOz9iaeVkK8Q0=,pHkrJl+UxDhU2FL0nyYK2CPq/FI=
-67,-15,Pmh2TnsGk1VDM3yOz9iaeVkK8Q0=,pHkrJl+UxDhU2FL0nyYK2CPq/FI=
-67,-13,Pmh2TnsGk1VDM3yOz9iaeVkK8Q0=,pHkrJl+UxDhU2FL0nyYK2CPq/FI=
-66,-13,Pmh2TnsGk1VDM3yOz9iaeVkK8Q0=,pHkrJl+UxDhU2FL0nyYK2CPq/FI=
-67,-14,Pmh2TnsGk1VDM3yOz9iaeVkK8Q0=,pHkrJl+UxDhU2FL0nyYK2CPq/FI=
-70,-16,Pmh2TnsGk1VDM3yOz9iaeVkK8Q0=,pHkrJl+UxDhU2FL0nyYK2CPq/FI=
-69,-16,Pmh2TnsGk1VDM3yOz9iaeVkK8Q0=,pHkrJl+UxDhU2FL0nyYK2CPq/FI=
-68,-16,Pmh2TnsGk1VDM3yOz9iaeVkK8Q0=,pHkrJl+UxDhU2FL0nyYK2CPq/FI=
-67,-16,Pmh2TnsGk1VDM3yOz9iaeVkK8Q0=,pHkrJl+UxDhU2FL0nyYK2CPq/FI=
-66,-16,Pmh2TnsGk1VDM3yOz9iaeVkK8Q0=,pHkrJl+UxDhU2FL0nyYK2CPq/FI=
-71,-16,Pmh2TnsGk1VDM3yOz9iaeVkK8Q0=,pHkrJl+UxDhU2FL0nyYK2CPq/FI=
-79,-1,M6C5udAalbJ5iLzBOBuXtXkGZpA=,WiSaFpNXlNC2E0+0YH//fDMN80k=
-78,-1,M6C5udAalbJ5iLzBOBuXtXkGZpA=,WiSaFpNXlNC2E0+0YH//fDMN80k=
-77,-1,M6C5udAalbJ5iLzBOBuXtXkGZpA=,WiSaFpNXlNC2E0+0YH//fDMN80k=
-76,-1,M6C5udAalbJ5iLzBOBuXtXkGZpA=,WiSaFpNXlNC2E0+0YH//fDMN80k=
-75,-1,M6C5udAalbJ5iLzBOBuXtXkGZpA=,WiSaFpNXlNC2E0+0YH//fDMN80k=
-74,-1,M6C5udAalbJ5iLzBOBuXtXkGZpA=,WiSaFpNXlNC2E0+0YH//fDMN80k=
-75,-14,Pmh2TnsGk1VDM3yOz9iaeVkK8Q0=,SXsmwj0iAla+ZPH2mODwEF1n90c=
-74,-14,Pmh2TnsGk1VDM3yOz9iaeVkK8Q0=,SXsmwj0iAla+ZPH2mODwEF1n90c=
-73,-14,Pmh2TnsGk1VDM3yOz9iaeVkK8Q0=,SXsmwj0iAla+ZPH2mODwEF1n90c=
-72,-15,Pmh2TnsGk1VDM3yOz9iaeVkK8Q0=,pHkrJl+UxDhU2FL0nyYK2CPq/FI=
-72,-16,Pmh2TnsGk1VDM3yOz9iaeVkK8Q0=,pHkrJl+UxDhU2FL0nyYK2CPq/FI=
-72,-9,Pmh2TnsGk1VDM3yOz9iaeVkK8Q0=,pHkrJl+UxDhU2FL0nyYK2CPq/FI=
-72,-10,Pmh2TnsGk1VDM3yOz9iaeVkK8Q0=,pHkrJl+UxDhU2FL0nyYK2CPq/FI=
-72,-14,Pmh2TnsGk1VDM3yOz9iaeVkK8Q0=,pHkrJl+UxDhU2FL0nyYK2CPq/FI=
-76,-13,Pmh2TnsGk1VDM3yOz9iaeVkK8Q0=,SXsmwj0iAla+ZPH2mODwEF1n90c=
-75,-13,Pmh2TnsGk1VDM3yOz9iaeVkK8Q0=,SXsmwj0iAla+ZPH2mODwEF1n90c=
-74,-13,Pmh2TnsGk1VDM3yOz9iaeVkK8Q0=,SXsmwj0iAla+ZPH2mODwEF1n90c=
-73,-13,Pmh2TnsGk1VDM3yOz9iaeVkK8Q0=,SXsmwj0iAla+ZPH2mODwEF1n90c=
-77,-12,Pmh2TnsGk1VDM3yOz9iaeVkK8Q0=,SXsmwj0iAla+ZPH2mODwEF1n90c=
-76,-12,Pmh2TnsGk1VDM3yOz9iaeVkK8Q0=,SXsmwj0iAla+ZPH2mODwEF1n90c=
-73,-15,Pmh2TnsGk1VDM3yOz9iaeVkK8Q0=,SXsmwj0iAla+ZPH2mODwEF1n90c=
-75,-12,Pmh2TnsGk1VDM3yOz9iaeVkK8Q0=,SXsmwj0iAla+ZPH2mODwEF1n90c=
-74,-12,Pmh2TnsGk1VDM3yOz9iaeVkK8Q0=,SXsmwj0iAla+ZPH2mODwEF1n90c=
-73,-12,Pmh2TnsGk1VDM3yOz9iaeVkK8Q0=,SXsmwj0iAla+ZPH2mODwEF1n90c=
-73,-16,Pmh2TnsGk1VDM3yOz9iaeVkK8Q0=,SXsmwj0iAla+ZPH2mODwEF1n90c=
-77,-11,Pmh2TnsGk1VDM3yOz9iaeVkK8Q0=,SXsmwj0iAla+ZPH2mODwEF1n90c=
-76,-11,Pmh2TnsGk1VDM3yOz9iaeVkK8Q0=,SXsmwj0iAla+ZPH2mODwEF1n90c=
-75,-11,Pmh2TnsGk1VDM3yOz9iaeVkK8Q0=,SXsmwj0iAla+ZPH2mODwEF1n90c=
-74,-11,Pmh2TnsGk1VDM3yOz9iaeVkK8Q0=,SXsmwj0iAla+ZPH2mODwEF1n90c=
-73,-11,Pmh2TnsGk1VDM3yOz9iaeVkK8Q0=,SXsmwj0iAla+ZPH2mODwEF1n90c=
-74,-15,Pmh2TnsGk1VDM3yOz9iaeVkK8Q0=,SXsmwj0iAla+ZPH2mODwEF1n90c=
-78,-10,Pmh2TnsGk1VDM3yOz9iaeVkK8Q0=,SXsmwj0iAla+ZPH2mODwEF1n90c=
-77,-10,Pmh2TnsGk1VDM3yOz9iaeVkK8Q0=,SXsmwj0iAla+ZPH2mODwEF1n90c=
-73,-8,M6C5udAalbJ5iLzBOBuXtXkGZpA=,WiSaFpNXlNC2E0+0YH//fDMN80k=
-74,-8,M6C5udAalbJ5iLzBOBuXtXkGZpA=,WiSaFpNXlNC2E0+0YH//fDMN80k=
-75,-8,M6C5udAalbJ5iLzBOBuXtXkGZpA=,WiSaFpNXlNC2E0+0YH//fDMN80k=
-76,-8,M6C5udAalbJ5iLzBOBuXtXkGZpA=,WiSaFpNXlNC2E0+0YH//fDMN80k=
-75,-15,Pmh2TnsGk1VDM3yOz9iaeVkK8Q0=,SXsmwj0iAla+ZPH2mODwEF1n90c=
-76,-14,Pmh2TnsGk1VDM3yOz9iaeVkK8Q0=,SXsmwj0iAla+ZPH2mODwEF1n90c=
-77,-8,M6C5udAalbJ5iLzBOBuXtXkGZpA=,WiSaFpNXlNC2E0+0YH//fDMN80k=
-72,-13,Pmh2TnsGk1VDM3yOz9iaeVkK8Q0=,pHkrJl+UxDhU2FL0nyYK2CPq/FI=
-78,-8,M6C5udAalbJ5iLzBOBuXtXkGZpA=,WiSaFpNXlNC2E0+0YH//fDMN80k=
-79,-8,M6C5udAalbJ5iLzBOBuXtXkGZpA=,WiSaFpNXlNC2E0+0YH//fDMN80k=
-74,-16,Pmh2TnsGk1VDM3yOz9iaeVkK8Q0=,SXsmwj0iAla+ZPH2mODwEF1n90c=
-73,-9,Pmh2TnsGk1VDM3yOz9iaeVkK8Q0=,SXsmwj0iAla+ZPH2mODwEF1n90c=
-74,-9,Pmh2TnsGk1VDM3yOz9iaeVkK8Q0=,SXsmwj0iAla+ZPH2mODwEF1n90c=
-75,-9,Pmh2TnsGk1VDM3yOz9iaeVkK8Q0=,SXsmwj0iAla+ZPH2mODwEF1n90c=
-76,-9,Pmh2TnsGk1VDM3yOz9iaeVkK8Q0=,SXsmwj0iAla+ZPH2mODwEF1n90c=
-77,-9,Pmh2TnsGk1VDM3yOz9iaeVkK8Q0=,SXsmwj0iAla+ZPH2mODwEF1n90c=
-76,-16,Pmh2TnsGk1VDM3yOz9iaeVkK8Q0=,SXsmwj0iAla+ZPH2mODwEF1n90c=
-78,-9,Pmh2TnsGk1VDM3yOz9iaeVkK8Q0=,SXsmwj0iAla+ZPH2mODwEF1n90c=
-79,-9,Pmh2TnsGk1VDM3yOz9iaeVkK8Q0=,SXsmwj0iAla+ZPH2mODwEF1n90c=
-73,-10,Pmh2TnsGk1VDM3yOz9iaeVkK8Q0=,SXsmwj0iAla+ZPH2mODwEF1n90c=
-72,-11,Pmh2TnsGk1VDM3yOz9iaeVkK8Q0=,pHkrJl+UxDhU2FL0nyYK2CPq/FI=
-74,-10,Pmh2TnsGk1VDM3yOz9iaeVkK8Q0=,SXsmwj0iAla+ZPH2mODwEF1n90c=
-75,-10,Pmh2TnsGk1VDM3yOz9iaeVkK8Q0=,SXsmwj0iAla+ZPH2mODwEF1n90c=
-72,-12,Pmh2TnsGk1VDM3yOz9iaeVkK8Q0=,pHkrJl+UxDhU2FL0nyYK2CPq/FI=
-76,-10,Pmh2TnsGk1VDM3yOz9iaeVkK8Q0=,SXsmwj0iAla+ZPH2mODwEF1n90c=
-73,-1,M6C5udAalbJ5iLzBOBuXtXkGZpA=,WiSaFpNXlNC2E0+0YH//fDMN80k=
-76,-15,Pmh2TnsGk1VDM3yOz9iaeVkK8Q0=,SXsmwj0iAla+ZPH2mODwEF1n90c=
-75,-16,Pmh2TnsGk1VDM3yOz9iaeVkK8Q0=,SXsmwj0iAla+ZPH2mODwEF1n90c=
-65,-11,Pmh2TnsGk1VDM3yOz9iaeVkK8Q0=,pHkrJl+UxDhU2FL0nyYK2CPq/FI=
-65,-10,Pmh2TnsGk1VDM3yOz9iaeVkK8Q0=,pHkrJl+UxDhU2FL0nyYK2CPq/FI=
-65,-15,Pmh2TnsGk1VDM3yOz9iaeVkK8Q0=,pHkrJl+UxDhU2FL0nyYK2CPq/FI=
-65,-14,Pmh2TnsGk1VDM3yOz9iaeVkK8Q0=,pHkrJl+UxDhU2FL0nyYK2CPq/FI=
-65,-13,Pmh2TnsGk1VDM3yOz9iaeVkK8Q0=,pHkrJl+UxDhU2FL0nyYK2CPq/FI=
-65,-12,Pmh2TnsGk1VDM3yOz9iaeVkK8Q0=,pHkrJl+UxDhU2FL0nyYK2CPq/FI=
-65,-9,Pmh2TnsGk1VDM3yOz9iaeVkK8Q0=,pHkrJl+UxDhU2FL0nyYK2CPq/FI=
-80,-5,M6C5udAalbJ5iLzBOBuXtXkGZpA=,WiSaFpNXlNC2E0+0YH//fDMN80k=
-79,-10,Pmh2TnsGk1VDM3yOz9iaeVkK8Q0=,SXsmwj0iAla+ZPH2mODwEF1n90c=
-80,-16,Pmh2TnsGk1VDM3yOz9iaeVkK8Q0=,SXsmwj0iAla+ZPH2mODwEF1n90c=
-77,-14,Pmh2TnsGk1VDM3yOz9iaeVkK8Q0=,SXsmwj0iAla+ZPH2mODwEF1n90c=
-79,-16,Pmh2TnsGk1VDM3yOz9iaeVkK8Q0=,SXsmwj0iAla+ZPH2mODwEF1n90c=
-77,-13,Pmh2TnsGk1VDM3yOz9iaeVkK8Q0=,SXsmwj0iAla+ZPH2mODwEF1n90c=
-79,-14,Pmh2TnsGk1VDM3yOz9iaeVkK8Q0=,SXsmwj0iAla+ZPH2mODwEF1n90c=
-65,-16,Pmh2TnsGk1VDM3yOz9iaeVkK8Q0=,pHkrJl+UxDhU2FL0nyYK2CPq/FI=
-80,-6,M6C5udAalbJ5iLzBOBuXtXkGZpA=,WiSaFpNXlNC2E0+0YH//fDMN80k=
-80,-1,M6C5udAalbJ5iLzBOBuXtXkGZpA=,WiSaFpNXlNC2E0+0YH//fDMN80k=
-80,-7,M6C5udAalbJ5iLzBOBuXtXkGZpA=,WiSaFpNXlNC2E0+0YH//fDMN80k=
-80,-2,M6C5udAalbJ5iLzBOBuXtXkGZpA=,WiSaFpNXlNC2E0+0YH//fDMN80k=
-80,-8,M6C5udAalbJ5iLzBOBuXtXkGZpA=,WiSaFpNXlNC2E0+0YH//fDMN80k=
-80,-13,Pmh2TnsGk1VDM3yOz9iaeVkK8Q0=,SXsmwj0iAla+ZPH2mODwEF1n90c=
-80,-3,M6C5udAalbJ5iLzBOBuXtXkGZpA=,WiSaFpNXlNC2E0+0YH//fDMN80k=
-80,-4,M6C5udAalbJ5iLzBOBuXtXkGZpA=,WiSaFpNXlNC2E0+0YH//fDMN80k=
-79,-13,Pmh2TnsGk1VDM3yOz9iaeVkK8Q0=,SXsmwj0iAla+ZPH2mODwEF1n90c=
-77,-16,Pmh2TnsGk1VDM3yOz9iaeVkK8Q0=,SXsmwj0iAla+ZPH2mODwEF1n90c=
-80,-9,Pmh2TnsGk1VDM3yOz9iaeVkK8Q0=,SXsmwj0iAla+ZPH2mODwEF1n90c=
-78,-14,Pmh2TnsGk1VDM3yOz9iaeVkK8Q0=,SXsmwj0iAla+ZPH2mODwEF1n90c=
-80,-10,Pmh2TnsGk1VDM3yOz9iaeVkK8Q0=,SXsmwj0iAla+ZPH2mODwEF1n90c=
-78,-16,Pmh2TnsGk1VDM3yOz9iaeVkK8Q0=,SXsmwj0iAla+ZPH2mODwEF1n90c=
-80,-14,Pmh2TnsGk1VDM3yOz9iaeVkK8Q0=,SXsmwj0iAla+ZPH2mODwEF1n90c=
-78,-11,Pmh2TnsGk1VDM3yOz9iaeVkK8Q0=,SXsmwj0iAla+ZPH2mODwEF1n90c=
-79,-15,Pmh2TnsGk1VDM3yOz9iaeVkK8Q0=,SXsmwj0iAla+ZPH2mODwEF1n90c=
-78,-13,Pmh2TnsGk1VDM3yOz9iaeVkK8Q0=,SXsmwj0iAla+ZPH2mODwEF1n90c=
-77,-15,Pmh2TnsGk1VDM3yOz9iaeVkK8Q0=,SXsmwj0iAla+ZPH2mODwEF1n90c=
-78,-12,Pmh2TnsGk1VDM3yOz9iaeVkK8Q0=,SXsmwj0iAla+ZPH2mODwEF1n90c=
-79,-12,Pmh2TnsGk1VDM3yOz9iaeVkK8Q0=,SXsmwj0iAla+ZPH2mODwEF1n90c=
-78,-15,Pmh2TnsGk1VDM3yOz9iaeVkK8Q0=,SXsmwj0iAla+ZPH2mODwEF1n90c=
-79,-11,Pmh2TnsGk1VDM3yOz9iaeVkK8Q0=,SXsmwj0iAla+ZPH2mODwEF1n90c=
-80,-15,Pmh2TnsGk1VDM3yOz9iaeVkK8Q0=,SXsmwj0iAla+ZPH2mODwEF1n90c=
-80,-12,Pmh2TnsGk1VDM3yOz9iaeVkK8Q0=,SXsmwj0iAla+ZPH2mODwEF1n90c=
-80,-11,Pmh2TnsGk1VDM3yOz9iaeVkK8Q0=,SXsmwj0iAla+ZPH2mODwEF1n90c=
-66,-18,IMNYEzPTeoLsHpfPcaQpVSxstpo=,S9UCheIm6ctZ41KjEgDCzsWAD50=
-71,-18,IMNYEzPTeoLsHpfPcaQpVSxstpo=,S9UCheIm6ctZ41KjEgDCzsWAD50=
-67,-18,IMNYEzPTeoLsHpfPcaQpVSxstpo=,S9UCheIm6ctZ41KjEgDCzsWAD50=
-68,-18,IMNYEzPTeoLsHpfPcaQpVSxstpo=,S9UCheIm6ctZ41KjEgDCzsWAD50=
-69,-18,IMNYEzPTeoLsHpfPcaQpVSxstpo=,S9UCheIm6ctZ41KjEgDCzsWAD50=
-70,-18,IMNYEzPTeoLsHpfPcaQpVSxstpo=,S9UCheIm6ctZ41KjEgDCzsWAD50=
-71,-24,IMNYEzPTeoLsHpfPcaQpVSxstpo=,S9UCheIm6ctZ41KjEgDCzsWAD50=
-74,-23,iyT8uFwiTcuz7Vy9VZDXJkKMhoM=,SXsmwj0iAla+ZPH2mODwEF1n90c=
-69,-24,IMNYEzPTeoLsHpfPcaQpVSxstpo=,S9UCheIm6ctZ41KjEgDCzsWAD50=
-73,-23,iyT8uFwiTcuz7Vy9VZDXJkKMhoM=,SXsmwj0iAla+ZPH2mODwEF1n90c=
-73,-21,iyT8uFwiTcuz7Vy9VZDXJkKMhoM=,SXsmwj0iAla+ZPH2mODwEF1n90c=
-70,-24,IMNYEzPTeoLsHpfPcaQpVSxstpo=,S9UCheIm6ctZ41KjEgDCzsWAD50=
-75,-23,iyT8uFwiTcuz7Vy9VZDXJkKMhoM=,SXsmwj0iAla+ZPH2mODwEF1n90c=
-74,-21,iyT8uFwiTcuz7Vy9VZDXJkKMhoM=,SXsmwj0iAla+ZPH2mODwEF1n90c=
-76,-22,iyT8uFwiTcuz7Vy9VZDXJkKMhoM=,SXsmwj0iAla+ZPH2mODwEF1n90c=
-72,-22,IMNYEzPTeoLsHpfPcaQpVSxstpo=,S9UCheIm6ctZ41KjEgDCzsWAD50=
-74,-22,iyT8uFwiTcuz7Vy9VZDXJkKMhoM=,SXsmwj0iAla+ZPH2mODwEF1n90c=
-72,-23,IMNYEzPTeoLsHpfPcaQpVSxstpo=,S9UCheIm6ctZ41KjEgDCzsWAD50=
-75,-22,iyT8uFwiTcuz7Vy9VZDXJkKMhoM=,SXsmwj0iAla+ZPH2mODwEF1n90c=
-75,-21,iyT8uFwiTcuz7Vy9VZDXJkKMhoM=,SXsmwj0iAla+ZPH2mODwEF1n90c=
-76,-23,iyT8uFwiTcuz7Vy9VZDXJkKMhoM=,SXsmwj0iAla+ZPH2mODwEF1n90c=
-72,-21,IMNYEzPTeoLsHpfPcaQpVSxstpo=,S9UCheIm6ctZ41KjEgDCzsWAD50=
-76,-21,iyT8uFwiTcuz7Vy9VZDXJkKMhoM=,SXsmwj0iAla+ZPH2mODwEF1n90c=
-73,-22,iyT8uFwiTcuz7Vy9VZDXJkKMhoM=,SXsmwj0iAla+ZPH2mODwEF1n90c=
-72,-27,IMNYEzPTeoLsHpfPcaQpVSxstpo=,euAoMZ2BAZIwLdaTcvFZmKEL9Ps=
-73,-28,IMNYEzPTeoLsHpfPcaQpVSxstpo=,nzxLOh4vX4Bdh00sGQ67z094eeU=
-74,-28,IMNYEzPTeoLsHpfPcaQpVSxstpo=,nzxLOh4vX4Bdh00sGQ67z094eeU=
-71,-22,IMNYEzPTeoLsHpfPcaQpVSxstpo=,S9UCheIm6ctZ41KjEgDCzsWAD50=
-72,-26,IMNYEzPTeoLsHpfPcaQpVSxstpo=,euAoMZ2BAZIwLdaTcvFZmKEL9Ps=
-71,-28,IMNYEzPTeoLsHpfPcaQpVSxstpo=,euAoMZ2BAZIwLdaTcvFZmKEL9Ps=
-70,-28,IMNYEzPTeoLsHpfPcaQpVSxstpo=,euAoMZ2BAZIwLdaTcvFZmKEL9Ps=
-69,-22,IMNYEzPTeoLsHpfPcaQpVSxstpo=,S9UCheIm6ctZ41KjEgDCzsWAD50=
-69,-28,IMNYEzPTeoLsHpfPcaQpVSxstpo=,euAoMZ2BAZIwLdaTcvFZmKEL9Ps=
-72,-25,IMNYEzPTeoLsHpfPcaQpVSxstpo=,euAoMZ2BAZIwLdaTcvFZmKEL9Ps=
-71,-27,IMNYEzPTeoLsHpfPcaQpVSxstpo=,euAoMZ2BAZIwLdaTcvFZmKEL9Ps=
-70,-27,IMNYEzPTeoLsHpfPcaQpVSxstpo=,euAoMZ2BAZIwLdaTcvFZmKEL9Ps=
-75,-28,IMNYEzPTeoLsHpfPcaQpVSxstpo=,nzxLOh4vX4Bdh00sGQ67z094eeU=
-70,-22,IMNYEzPTeoLsHpfPcaQpVSxstpo=,S9UCheIm6ctZ41KjEgDCzsWAD50=
-76,-27,IMNYEzPTeoLsHpfPcaQpVSxstpo=,nzxLOh4vX4Bdh00sGQ67z094eeU=
-75,-27,IMNYEzPTeoLsHpfPcaQpVSxstpo=,nzxLOh4vX4Bdh00sGQ67z094eeU=
-69,-27,IMNYEzPTeoLsHpfPcaQpVSxstpo=,euAoMZ2BAZIwLdaTcvFZmKEL9Ps=
-71,-26,IMNYEzPTeoLsHpfPcaQpVSxstpo=,euAoMZ2BAZIwLdaTcvFZmKEL9Ps=
-69,-23,IMNYEzPTeoLsHpfPcaQpVSxstpo=,S9UCheIm6ctZ41KjEgDCzsWAD50=
-74,-27,IMNYEzPTeoLsHpfPcaQpVSxstpo=,nzxLOh4vX4Bdh00sGQ67z094eeU=
-76,-28,IMNYEzPTeoLsHpfPcaQpVSxstpo=,nzxLOh4vX4Bdh00sGQ67z094eeU=
-73,-27,IMNYEzPTeoLsHpfPcaQpVSxstpo=,nzxLOh4vX4Bdh00sGQ67z094eeU=
-69,-26,IMNYEzPTeoLsHpfPcaQpVSxstpo=,euAoMZ2BAZIwLdaTcvFZmKEL9Ps=
-73,-26,IMNYEzPTeoLsHpfPcaQpVSxstpo=,nzxLOh4vX4Bdh00sGQ67z094eeU=
-70,-25,IMNYEzPTeoLsHpfPcaQpVSxstpo=,euAoMZ2BAZIwLdaTcvFZmKEL9Ps=
-72,-28,IMNYEzPTeoLsHpfPcaQpVSxstpo=,euAoMZ2BAZIwLdaTcvFZmKEL9Ps=
-71,-25,IMNYEzPTeoLsHpfPcaQpVSxstpo=,euAoMZ2BAZIwLdaTcvFZmKEL9Ps=
-69,-25,IMNYEzPTeoLsHpfPcaQpVSxstpo=,euAoMZ2BAZIwLdaTcvFZmKEL9Ps=
-70,-26,IMNYEzPTeoLsHpfPcaQpVSxstpo=,euAoMZ2BAZIwLdaTcvFZmKEL9Ps=
-75,-26,IMNYEzPTeoLsHpfPcaQpVSxstpo=,nzxLOh4vX4Bdh00sGQ67z094eeU=
-74,-24,iyT8uFwiTcuz7Vy9VZDXJkKMhoM=,SXsmwj0iAla+ZPH2mODwEF1n90c=
-76,-26,IMNYEzPTeoLsHpfPcaQpVSxstpo=,nzxLOh4vX4Bdh00sGQ67z094eeU=
-72,-24,IMNYEzPTeoLsHpfPcaQpVSxstpo=,S9UCheIm6ctZ41KjEgDCzsWAD50=
-76,-24,iyT8uFwiTcuz7Vy9VZDXJkKMhoM=,SXsmwj0iAla+ZPH2mODwEF1n90c=
-74,-26,IMNYEzPTeoLsHpfPcaQpVSxstpo=,nzxLOh4vX4Bdh00sGQ67z094eeU=
-79,-23,iyT8uFwiTcuz7Vy9VZDXJkKMhoM=,SXsmwj0iAla+ZPH2mODwEF1n90c=
-75,-24,iyT8uFwiTcuz7Vy9VZDXJkKMhoM=,SXsmwj0iAla+ZPH2mODwEF1n90c=
-73,-24,iyT8uFwiTcuz7Vy9VZDXJkKMhoM=,SXsmwj0iAla+ZPH2mODwEF1n90c=
-80,-27,IMNYEzPTeoLsHpfPcaQpVSxstpo=,nzxLOh4vX4Bdh00sGQ67z094eeU=
-78,-23,iyT8uFwiTcuz7Vy9VZDXJkKMhoM=,SXsmwj0iAla+ZPH2mODwEF1n90c=
-80,-26,IMNYEzPTeoLsHpfPcaQpVSxstpo=,nzxLOh4vX4Bdh00sGQ67z094eeU=
-73,-25,IMNYEzPTeoLsHpfPcaQpVSxstpo=,nzxLOh4vX4Bdh00sGQ67z094eeU=
-74,-25,IMNYEzPTeoLsHpfPcaQpVSxstpo=,nzxLOh4vX4Bdh00sGQ67z094eeU=
-77,-23,iyT8uFwiTcuz7Vy9VZDXJkKMhoM=,SXsmwj0iAla+ZPH2mODwEF1n90c=
-70,-23,IMNYEzPTeoLsHpfPcaQpVSxstpo=,S9UCheIm6ctZ41KjEgDCzsWAD50=
-75,-25,IMNYEzPTeoLsHpfPcaQpVSxstpo=,nzxLOh4vX4Bdh00sGQ67z094eeU=
-78,-21,iyT8uFwiTcuz7Vy9VZDXJkKMhoM=,SXsmwj0iAla+ZPH2mODwEF1n90c=
-76,-25,IMNYEzPTeoLsHpfPcaQpVSxstpo=,nzxLOh4vX4Bdh00sGQ67z094eeU=
-79,-21,iyT8uFwiTcuz7Vy9VZDXJkKMhoM=,SXsmwj0iAla+ZPH2mODwEF1n90c=
-77,-21,iyT8uFwiTcuz7Vy9VZDXJkKMhoM=,SXsmwj0iAla+ZPH2mODwEF1n90c=
-78,-25,IMNYEzPTeoLsHpfPcaQpVSxstpo=,nzxLOh4vX4Bdh00sGQ67z094eeU=
-78,-22,iyT8uFwiTcuz7Vy9VZDXJkKMhoM=,SXsmwj0iAla+ZPH2mODwEF1n90c=
-77,-22,iyT8uFwiTcuz7Vy9VZDXJkKMhoM=,SXsmwj0iAla+ZPH2mODwEF1n90c=
-79,-22,iyT8uFwiTcuz7Vy9VZDXJkKMhoM=,SXsmwj0iAla+ZPH2mODwEF1n90c=
-80,-28,IMNYEzPTeoLsHpfPcaQpVSxstpo=,nzxLOh4vX4Bdh00sGQ67z094eeU=
-78,-26,IMNYEzPTeoLsHpfPcaQpVSxstpo=,nzxLOh4vX4Bdh00sGQ67z094eeU=
-77,-25,IMNYEzPTeoLsHpfPcaQpVSxstpo=,nzxLOh4vX4Bdh00sGQ67z094eeU=
-71,-23,IMNYEzPTeoLsHpfPcaQpVSxstpo=,S9UCheIm6ctZ41KjEgDCzsWAD50=
-80,-24,iyT8uFwiTcuz7Vy9VZDXJkKMhoM=,SXsmwj0iAla+ZPH2mODwEF1n90c=
-79,-25,IMNYEzPTeoLsHpfPcaQpVSxstpo=,nzxLOh4vX4Bdh00sGQ67z094eeU=
-79,-26,IMNYEzPTeoLsHpfPcaQpVSxstpo=,nzxLOh4vX4Bdh00sGQ67z094eeU=
-77,-26,IMNYEzPTeoLsHpfPcaQpVSxstpo=,nzxLOh4vX4Bdh00sGQ67z094eeU=
-66,-17,IMNYEzPTeoLsHpfPcaQpVSxstpo=,S9UCheIm6ctZ41KjEgDCzsWAD50=
-72,-17,IMNYEzPTeoLsHpfPcaQpVSxstpo=,S9UCheIm6ctZ41KjEgDCzsWAD50=
-70,-21,IMNYEzPTeoLsHpfPcaQpVSxstpo=,S9UCheIm6ctZ41KjEgDCzsWAD50=
-67,-17,IMNYEzPTeoLsHpfPcaQpVSxstpo=,S9UCheIm6ctZ41KjEgDCzsWAD50=
-71,-17,IMNYEzPTeoLsHpfPcaQpVSxstpo=,S9UCheIm6ctZ41KjEgDCzsWAD50=
-70,-17,IMNYEzPTeoLsHpfPcaQpVSxstpo=,S9UCheIm6ctZ41KjEgDCzsWAD50=
-78,-27,IMNYEzPTeoLsHpfPcaQpVSxstpo=,nzxLOh4vX4Bdh00sGQ67z094eeU=
-68,-17,IMNYEzPTeoLsHpfPcaQpVSxstpo=,S9UCheIm6ctZ41KjEgDCzsWAD50=
-73,-17,iyT8uFwiTcuz7Vy9VZDXJkKMhoM=,SXsmwj0iAla+ZPH2mODwEF1n90c=
-80,-23,iyT8uFwiTcuz7Vy9VZDXJkKMhoM=,SXsmwj0iAla+ZPH2mODwEF1n90c=
-79,-27,IMNYEzPTeoLsHpfPcaQpVSxstpo=,nzxLOh4vX4Bdh00sGQ67z094eeU=
-74,-17,iyT8uFwiTcuz7Vy9VZDXJkKMhoM=,SXsmwj0iAla+ZPH2mODwEF1n90c=
-69,-17,IMNYEzPTeoLsHpfPcaQpVSxstpo=,S9UCheIm6ctZ41KjEgDCzsWAD50=
-77,-27,IMNYEzPTeoLsHpfPcaQpVSxstpo=,nzxLOh4vX4Bdh00sGQ67z094eeU=
-80,-25,IMNYEzPTeoLsHpfPcaQpVSxstpo=,nzxLOh4vX4Bdh00sGQ67z094eeU=
-75,-17,iyT8uFwiTcuz7Vy9VZDXJkKMhoM=,SXsmwj0iAla+ZPH2mODwEF1n90c=
-72,-20,IMNYEzPTeoLsHpfPcaQpVSxstpo=,S9UCheIm6ctZ41KjEgDCzsWAD50=
-73,-32,IMNYEzPTeoLsHpfPcaQpVSxstpo=,nzxLOh4vX4Bdh00sGQ67z094eeU=
-76,-17,iyT8uFwiTcuz7Vy9VZDXJkKMhoM=,SXsmwj0iAla+ZPH2mODwEF1n90c=
-69,-21,IMNYEzPTeoLsHpfPcaQpVSxstpo=,S9UCheIm6ctZ41KjEgDCzsWAD50=
-73,-18,iyT8uFwiTcuz7Vy9VZDXJkKMhoM=,SXsmwj0iAla+ZPH2mODwEF1n90c=
-75,-20,iyT8uFwiTcuz7Vy9VZDXJkKMhoM=,SXsmwj0iAla+ZPH2mODwEF1n90c=
-76,-31,IMNYEzPTeoLsHpfPcaQpVSxstpo=,nzxLOh4vX4Bdh00sGQ67z094eeU=
-74,-18,iyT8uFwiTcuz7Vy9VZDXJkKMhoM=,SXsmwj0iAla+ZPH2mODwEF1n90c=
-79,-24,iyT8uFwiTcuz7Vy9VZDXJkKMhoM=,SXsmwj0iAla+ZPH2mODwEF1n90c=
-75,-31,IMNYEzPTeoLsHpfPcaQpVSxstpo=,nzxLOh4vX4Bdh00sGQ67z094eeU=
-76,-20,iyT8uFwiTcuz7Vy9VZDXJkKMhoM=,SXsmwj0iAla+ZPH2mODwEF1n90c=
-69,-20,IMNYEzPTeoLsHpfPcaQpVSxstpo=,S9UCheIm6ctZ41KjEgDCzsWAD50=
-80,-21,iyT8uFwiTcuz7Vy9VZDXJkKMhoM=,SXsmwj0iAla+ZPH2mODwEF1n90c=
-72,-19,IMNYEzPTeoLsHpfPcaQpVSxstpo=,S9UCheIm6ctZ41KjEgDCzsWAD50=
-78,-24,iyT8uFwiTcuz7Vy9VZDXJkKMhoM=,SXsmwj0iAla+ZPH2mODwEF1n90c=
-80,-22,iyT8uFwiTcuz7Vy9VZDXJkKMhoM=,SXsmwj0iAla+ZPH2mODwEF1n90c=
-73,-20,iyT8uFwiTcuz7Vy9VZDXJkKMhoM=,SXsmwj0iAla+ZPH2mODwEF1n90c=
-74,-31,IMNYEzPTeoLsHpfPcaQpVSxstpo=,nzxLOh4vX4Bdh00sGQ67z094eeU=
-72,-18,IMNYEzPTeoLsHpfPcaQpVSxstpo=,S9UCheIm6ctZ41KjEgDCzsWAD50=
-71,-21,IMNYEzPTeoLsHpfPcaQpVSxstpo=,S9UCheIm6ctZ41KjEgDCzsWAD50=
-71,-19,IMNYEzPTeoLsHpfPcaQpVSxstpo=,S9UCheIm6ctZ41KjEgDCzsWAD50=
-74,-20,iyT8uFwiTcuz7Vy9VZDXJkKMhoM=,SXsmwj0iAla+ZPH2mODwEF1n90c=
-73,-31,IMNYEzPTeoLsHpfPcaQpVSxstpo=,nzxLOh4vX4Bdh00sGQ67z094eeU=
-70,-20,IMNYEzPTeoLsHpfPcaQpVSxstpo=,S9UCheIm6ctZ41KjEgDCzsWAD50=
-69,-19,IMNYEzPTeoLsHpfPcaQpVSxstpo=,S9UCheIm6ctZ41KjEgDCzsWAD50=
-77,-28,IMNYEzPTeoLsHpfPcaQpVSxstpo=,nzxLOh4vX4Bdh00sGQ67z094eeU=
-76,-30,IMNYEzPTeoLsHpfPcaQpVSxstpo=,nzxLOh4vX4Bdh00sGQ67z094eeU=
-70,-19,IMNYEzPTeoLsHpfPcaQpVSxstpo=,S9UCheIm6ctZ41KjEgDCzsWAD50=
-76,-19,iyT8uFwiTcuz7Vy9VZDXJkKMhoM=,SXsmwj0iAla+ZPH2mODwEF1n90c=
-75,-18,iyT8uFwiTcuz7Vy9VZDXJkKMhoM=,SXsmwj0iAla+ZPH2mODwEF1n90c=
-69,-32,IMNYEzPTeoLsHpfPcaQpVSxstpo=,euAoMZ2BAZIwLdaTcvFZmKEL9Ps=
-78,-28,IMNYEzPTeoLsHpfPcaQpVSxstpo=,nzxLOh4vX4Bdh00sGQ67z094eeU=
-74,-19,iyT8uFwiTcuz7Vy9VZDXJkKMhoM=,SXsmwj0iAla+ZPH2mODwEF1n90c=
-75,-30,IMNYEzPTeoLsHpfPcaQpVSxstpo=,nzxLOh4vX4Bdh00sGQ67z094eeU=
-77,-24,iyT8uFwiTcuz7Vy9VZDXJkKMhoM=,SXsmwj0iAla+ZPH2mODwEF1n90c=
-70,-32,IMNYEzPTeoLsHpfPcaQpVSxstpo=,euAoMZ2BAZIwLdaTcvFZmKEL9Ps=
-75,-19,iyT8uFwiTcuz7Vy9VZDXJkKMhoM=,SXsmwj0iAla+ZPH2mODwEF1n90c=
-74,-30,IMNYEzPTeoLsHpfPcaQpVSxstpo=,nzxLOh4vX4Bdh00sGQ67z094eeU=
-76,-32,IMNYEzPTeoLsHpfPcaQpVSxstpo=,nzxLOh4vX4Bdh00sGQ67z094eeU=
-71,-20,IMNYEzPTeoLsHpfPcaQpVSxstpo=,S9UCheIm6ctZ41KjEgDCzsWAD50=
-73,-30,IMNYEzPTeoLsHpfPcaQpVSxstpo=,nzxLOh4vX4Bdh00sGQ67z094eeU=
-73,-19,iyT8uFwiTcuz7Vy9VZDXJkKMhoM=,SXsmwj0iAla+ZPH2mODwEF1n90c=
-75,-32,IMNYEzPTeoLsHpfPcaQpVSxstpo=,nzxLOh4vX4Bdh00sGQ67z094eeU=
-76,-18,iyT8uFwiTcuz7Vy9VZDXJkKMhoM=,SXsmwj0iAla+ZPH2mODwEF1n90c=
-71,-32,IMNYEzPTeoLsHpfPcaQpVSxstpo=,euAoMZ2BAZIwLdaTcvFZmKEL9Ps=
-79,-28,IMNYEzPTeoLsHpfPcaQpVSxstpo=,nzxLOh4vX4Bdh00sGQ67z094eeU=
-76,-29,IMNYEzPTeoLsHpfPcaQpVSxstpo=,nzxLOh4vX4Bdh00sGQ67z094eeU=
-70,-30,IMNYEzPTeoLsHpfPcaQpVSxstpo=,euAoMZ2BAZIwLdaTcvFZmKEL9Ps=
-72,-32,IMNYEzPTeoLsHpfPcaQpVSxstpo=,euAoMZ2BAZIwLdaTcvFZmKEL9Ps=
-71,-30,IMNYEzPTeoLsHpfPcaQpVSxstpo=,euAoMZ2BAZIwLdaTcvFZmKEL9Ps=
-75,-29,IMNYEzPTeoLsHpfPcaQpVSxstpo=,nzxLOh4vX4Bdh00sGQ67z094eeU=
-72,-29,IMNYEzPTeoLsHpfPcaQpVSxstpo=,euAoMZ2BAZIwLdaTcvFZmKEL9Ps=
-74,-29,IMNYEzPTeoLsHpfPcaQpVSxstpo=,nzxLOh4vX4Bdh00sGQ67z094eeU=
-69,-30,IMNYEzPTeoLsHpfPcaQpVSxstpo=,euAoMZ2BAZIwLdaTcvFZmKEL9Ps=
-74,-32,IMNYEzPTeoLsHpfPcaQpVSxstpo=,nzxLOh4vX4Bdh00sGQ67z094eeU=
-73,-29,IMNYEzPTeoLsHpfPcaQpVSxstpo=,nzxLOh4vX4Bdh00sGQ67z094eeU=
-72,-31,IMNYEzPTeoLsHpfPcaQpVSxstpo=,euAoMZ2BAZIwLdaTcvFZmKEL9Ps=
-71,-31,IMNYEzPTeoLsHpfPcaQpVSxstpo=,euAoMZ2BAZIwLdaTcvFZmKEL9Ps=
-70,-29,IMNYEzPTeoLsHpfPcaQpVSxstpo=,euAoMZ2BAZIwLdaTcvFZmKEL9Ps=
-72,-30,IMNYEzPTeoLsHpfPcaQpVSxstpo=,euAoMZ2BAZIwLdaTcvFZmKEL9Ps=
-70,-31,IMNYEzPTeoLsHpfPcaQpVSxstpo=,euAoMZ2BAZIwLdaTcvFZmKEL9Ps=
-65,-18,IMNYEzPTeoLsHpfPcaQpVSxstpo=,S9UCheIm6ctZ41KjEgDCzsWAD50=
-65,-17,IMNYEzPTeoLsHpfPcaQpVSxstpo=,S9UCheIm6ctZ41KjEgDCzsWAD50=
-71,-29,IMNYEzPTeoLsHpfPcaQpVSxstpo=,euAoMZ2BAZIwLdaTcvFZmKEL9Ps=
-69,-29,IMNYEzPTeoLsHpfPcaQpVSxstpo=,euAoMZ2BAZIwLdaTcvFZmKEL9Ps=
-65,-20,IMNYEzPTeoLsHpfPcaQpVSxstpo=,S9UCheIm6ctZ41KjEgDCzsWAD50=
-68,-19,IMNYEzPTeoLsHpfPcaQpVSxstpo=,S9UCheIm6ctZ41KjEgDCzsWAD50=
-68,-20,IMNYEzPTeoLsHpfPcaQpVSxstpo=,S9UCheIm6ctZ41KjEgDCzsWAD50=
-66,-19,IMNYEzPTeoLsHpfPcaQpVSxstpo=,S9UCheIm6ctZ41KjEgDCzsWAD50=
-65,-19,IMNYEzPTeoLsHpfPcaQpVSxstpo=,S9UCheIm6ctZ41KjEgDCzsWAD50=
-69,-31,IMNYEzPTeoLsHpfPcaQpVSxstpo=,euAoMZ2BAZIwLdaTcvFZmKEL9Ps=
-66,-20,IMNYEzPTeoLsHpfPcaQpVSxstpo=,S9UCheIm6ctZ41KjEgDCzsWAD50=
-65,-24,IMNYEzPTeoLsHpfPcaQpVSxstpo=,S9UCheIm6ctZ41KjEgDCzsWAD50=
-67,-20,IMNYEzPTeoLsHpfPcaQpVSxstpo=,S9UCheIm6ctZ41KjEgDCzsWAD50=
-65,-25,IMNYEzPTeoLsHpfPcaQpVSxstpo=,euAoMZ2BAZIwLdaTcvFZmKEL9Ps=
-67,-19,IMNYEzPTeoLsHpfPcaQpVSxstpo=,S9UCheIm6ctZ41KjEgDCzsWAD50=
-65,-26,IMNYEzPTeoLsHpfPcaQpVSxstpo=,euAoMZ2BAZIwLdaTcvFZmKEL9Ps=
-65,-27,IMNYEzPTeoLsHpfPcaQpVSxstpo=,euAoMZ2BAZIwLdaTcvFZmKEL9Ps=
-80,-32,IMNYEzPTeoLsHpfPcaQpVSxstpo=,nzxLOh4vX4Bdh00sGQ67z094eeU=
-66,-23,IMNYEzPTeoLsHpfPcaQpVSxstpo=,S9UCheIm6ctZ41KjEgDCzsWAD50=
-65,-32,IMNYEzPTeoLsHpfPcaQpVSxstpo=,euAoMZ2BAZIwLdaTcvFZmKEL9Ps=
-66,-22,IMNYEzPTeoLsHpfPcaQpVSxstpo=,S9UCheIm6ctZ41KjEgDCzsWAD50=
-65,-21,IMNYEzPTeoLsHpfPcaQpVSxstpo=,S9UCheIm6ctZ41KjEgDCzsWAD50=
-68,-30,IMNYEzPTeoLsHpfPcaQpVSxstpo=,euAoMZ2BAZIwLdaTcvFZmKEL9Ps=
-79,-32,IMNYEzPTeoLsHpfPcaQpVSxstpo=,nzxLOh4vX4Bdh00sGQ67z094eeU=
-79,-31,IMNYEzPTeoLsHpfPcaQpVSxstpo=,nzxLOh4vX4Bdh00sGQ67z094eeU=
-78,-32,IMNYEzPTeoLsHpfPcaQpVSxstpo=,nzxLOh4vX4Bdh00sGQ67z094eeU=
-77,-32,IMNYEzPTeoLsHpfPcaQpVSxstpo=,nzxLOh4vX4Bdh00sGQ67z094eeU=
-68,-21,IMNYEzPTeoLsHpfPcaQpVSxstpo=,S9UCheIm6ctZ41KjEgDCzsWAD50=
-79,-29,IMNYEzPTeoLsHpfPcaQpVSxstpo=,nzxLOh4vX4Bdh00sGQ67z094eeU=
-78,-29,IMNYEzPTeoLsHpfPcaQpVSxstpo=,nzxLOh4vX4Bdh00sGQ67z094eeU=
-65,-29,IMNYEzPTeoLsHpfPcaQpVSxstpo=,euAoMZ2BAZIwLdaTcvFZmKEL9Ps=
-65,-28,IMNYEzPTeoLsHpfPcaQpVSxstpo=,euAoMZ2BAZIwLdaTcvFZmKEL9Ps=
-65,-22,IMNYEzPTeoLsHpfPcaQpVSxstpo=,S9UCheIm6ctZ41KjEgDCzsWAD50=
-77,-29,IMNYEzPTeoLsHpfPcaQpVSxstpo=,nzxLOh4vX4Bdh00sGQ67z094eeU=
-65,-31,IMNYEzPTeoLsHpfPcaQpVSxstpo=,euAoMZ2BAZIwLdaTcvFZmKEL9Ps=
-78,-31,IMNYEzPTeoLsHpfPcaQpVSxstpo=,nzxLOh4vX4Bdh00sGQ67z094eeU=
-80,-31,IMNYEzPTeoLsHpfPcaQpVSxstpo=,nzxLOh4vX4Bdh00sGQ67z094eeU=
-80,-30,IMNYEzPTeoLsHpfPcaQpVSxstpo=,nzxLOh4vX4Bdh00sGQ67z094eeU=
-77,-31,IMNYEzPTeoLsHpfPcaQpVSxstpo=,nzxLOh4vX4Bdh00sGQ67z094eeU=
-79,-30,IMNYEzPTeoLsHpfPcaQpVSxstpo=,nzxLOh4vX4Bdh00sGQ67z094eeU=
-65,-23,IMNYEzPTeoLsHpfPcaQpVSxstpo=,S9UCheIm6ctZ41KjEgDCzsWAD50=
-78,-30,IMNYEzPTeoLsHpfPcaQpVSxstpo=,nzxLOh4vX4Bdh00sGQ67z094eeU=
-80,-29,IMNYEzPTeoLsHpfPcaQpVSxstpo=,nzxLOh4vX4Bdh00sGQ67z094eeU=
-77,-30,IMNYEzPTeoLsHpfPcaQpVSxstpo=,nzxLOh4vX4Bdh00sGQ67z094eeU=
-77,-18,iyT8uFwiTcuz7Vy9VZDXJkKMhoM=,SXsmwj0iAla+ZPH2mODwEF1n90c=
-78,-18,iyT8uFwiTcuz7Vy9VZDXJkKMhoM=,SXsmwj0iAla+ZPH2mODwEF1n90c=
-80,-17,iyT8uFwiTcuz7Vy9VZDXJkKMhoM=,SXsmwj0iAla+ZPH2mODwEF1n90c=
-77,-19,iyT8uFwiTcuz7Vy9VZDXJkKMhoM=,SXsmwj0iAla+ZPH2mODwEF1n90c=
-67,-21,IMNYEzPTeoLsHpfPcaQpVSxstpo=,S9UCheIm6ctZ41KjEgDCzsWAD50=
-65,-30,IMNYEzPTeoLsHpfPcaQpVSxstpo=,euAoMZ2BAZIwLdaTcvFZmKEL9Ps=
-79,-18,iyT8uFwiTcuz7Vy9VZDXJkKMhoM=,SXsmwj0iAla+ZPH2mODwEF1n90c=
-67,-24,IMNYEzPTeoLsHpfPcaQpVSxstpo=,S9UCheIm6ctZ41KjEgDCzsWAD50=
-78,-19,iyT8uFwiTcuz7Vy9VZDXJkKMhoM=,SXsmwj0iAla+ZPH2mODwEF1n90c=
-80,-18,iyT8uFwiTcuz7Vy9VZDXJkKMhoM=,SXsmwj0iAla+ZPH2mODwEF1n90c=
-79,-19,iyT8uFwiTcuz7Vy9VZDXJkKMhoM=,SXsmwj0iAla+ZPH2mODwEF1n90c=
-68,-23,IMNYEzPTeoLsHpfPcaQpVSxstpo=,S9UCheIm6ctZ41KjEgDCzsWAD50=
-66,-32,IMNYEzPTeoLsHpfPcaQpVSxstpo=,euAoMZ2BAZIwLdaTcvFZmKEL9Ps=
-78,-20,iyT8uFwiTcuz7Vy9VZDXJkKMhoM=,SXsmwj0iAla+ZPH2mODwEF1n90c=
-66,-21,IMNYEzPTeoLsHpfPcaQpVSxstpo=,S9UCheIm6ctZ41KjEgDCzsWAD50=
-67,-23,IMNYEzPTeoLsHpfPcaQpVSxstpo=,S9UCheIm6ctZ41KjEgDCzsWAD50=
-80,-19,iyT8uFwiTcuz7Vy9VZDXJkKMhoM=,SXsmwj0iAla+ZPH2mODwEF1n90c=
-79,-20,iyT8uFwiTcuz7Vy9VZDXJkKMhoM=,SXsmwj0iAla+ZPH2mODwEF1n90c=
-77,-20,iyT8uFwiTcuz7Vy9VZDXJkKMhoM=,SXsmwj0iAla+ZPH2mODwEF1n90c=
-68,-24,IMNYEzPTeoLsHpfPcaQpVSxstpo=,S9UCheIm6ctZ41KjEgDCzsWAD50=
-68,-22,IMNYEzPTeoLsHpfPcaQpVSxstpo=,S9UCheIm6ctZ41KjEgDCzsWAD50=
-67,-32,IMNYEzPTeoLsHpfPcaQpVSxstpo=,euAoMZ2BAZIwLdaTcvFZmKEL9Ps=
-79,-17,iyT8uFwiTcuz7Vy9VZDXJkKMhoM=,SXsmwj0iAla+ZPH2mODwEF1n90c=
-80,-20,iyT8uFwiTcuz7Vy9VZDXJkKMhoM=,SXsmwj0iAla+ZPH2mODwEF1n90c=
-67,-22,IMNYEzPTeoLsHpfPcaQpVSxstpo=,S9UCheIm6ctZ41KjEgDCzsWAD50=
-78,-17,iyT8uFwiTcuz7Vy9VZDXJkKMhoM=,SXsmwj0iAla+ZPH2mODwEF1n90c=
-77,-17,iyT8uFwiTcuz7Vy9VZDXJkKMhoM=,SXsmwj0iAla+ZPH2mODwEF1n90c=
-67,-30,IMNYEzPTeoLsHpfPcaQpVSxstpo=,euAoMZ2BAZIwLdaTcvFZmKEL9Ps=
-68,-32,IMNYEzPTeoLsHpfPcaQpVSxstpo=,euAoMZ2BAZIwLdaTcvFZmKEL9Ps=
-66,-24,IMNYEzPTeoLsHpfPcaQpVSxstpo=,S9UCheIm6ctZ41KjEgDCzsWAD50=
-68,-29,IMNYEzPTeoLsHpfPcaQpVSxstpo=,euAoMZ2BAZIwLdaTcvFZmKEL9Ps=
-67,-29,IMNYEzPTeoLsHpfPcaQpVSxstpo=,euAoMZ2BAZIwLdaTcvFZmKEL9Ps=
-66,-29,IMNYEzPTeoLsHpfPcaQpVSxstpo=,euAoMZ2BAZIwLdaTcvFZmKEL9Ps=
-68,-28,IMNYEzPTeoLsHpfPcaQpVSxstpo=,euAoMZ2BAZIwLdaTcvFZmKEL9Ps=
-66,-31,IMNYEzPTeoLsHpfPcaQpVSxstpo=,euAoMZ2BAZIwLdaTcvFZmKEL9Ps=
-66,-30,IMNYEzPTeoLsHpfPcaQpVSxstpo=,euAoMZ2BAZIwLdaTcvFZmKEL9Ps=
-67,-28,IMNYEzPTeoLsHpfPcaQpVSxstpo=,euAoMZ2BAZIwLdaTcvFZmKEL9Ps=
-66,-28,IMNYEzPTeoLsHpfPcaQpVSxstpo=,euAoMZ2BAZIwLdaTcvFZmKEL9Ps=
-66,-27,IMNYEzPTeoLsHpfPcaQpVSxstpo=,euAoMZ2BAZIwLdaTcvFZmKEL9Ps=
-68,-27,IMNYEzPTeoLsHpfPcaQpVSxstpo=,euAoMZ2BAZIwLdaTcvFZmKEL9Ps=
-67,-27,IMNYEzPTeoLsHpfPcaQpVSxstpo=,euAoMZ2BAZIwLdaTcvFZmKEL9Ps=
-66,-26,IMNYEzPTeoLsHpfPcaQpVSxstpo=,euAoMZ2BAZIwLdaTcvFZmKEL9Ps=
-68,-26,IMNYEzPTeoLsHpfPcaQpVSxstpo=,euAoMZ2BAZIwLdaTcvFZmKEL9Ps=
-67,-31,IMNYEzPTeoLsHpfPcaQpVSxstpo=,euAoMZ2BAZIwLdaTcvFZmKEL9Ps=
-68,-25,IMNYEzPTeoLsHpfPcaQpVSxstpo=,euAoMZ2BAZIwLdaTcvFZmKEL9Ps=
-67,-26,IMNYEzPTeoLsHpfPcaQpVSxstpo=,euAoMZ2BAZIwLdaTcvFZmKEL9Ps=
-68,-31,IMNYEzPTeoLsHpfPcaQpVSxstpo=,euAoMZ2BAZIwLdaTcvFZmKEL9Ps=
-67,-25,IMNYEzPTeoLsHpfPcaQpVSxstpo=,euAoMZ2BAZIwLdaTcvFZmKEL9Ps=
-66,-25,IMNYEzPTeoLsHpfPcaQpVSxstpo=,euAoMZ2BAZIwLdaTcvFZmKEL9Ps=
-92,-30,x5FXdMW/8EQuYcj8j2lQ3/rXmsU=,kiIUH2Tjj8Kh8K9DjQK8wlRmhQI=
-91,-30,x5FXdMW/8EQuYcj8j2lQ3/rXmsU=,kiIUH2Tjj8Kh8K9DjQK8wlRmhQI=
-90,-30,x5FXdMW/8EQuYcj8j2lQ3/rXmsU=,kiIUH2Tjj8Kh8K9DjQK8wlRmhQI=
-95,-29,x5FXdMW/8EQuYcj8j2lQ3/rXmsU=,kiIUH2Tjj8Kh8K9DjQK8wlRmhQI=
-94,-29,x5FXdMW/8EQuYcj8j2lQ3/rXmsU=,kiIUH2Tjj8Kh8K9DjQK8wlRmhQI=
-93,-29,x5FXdMW/8EQuYcj8j2lQ3/rXmsU=,kiIUH2Tjj8Kh8K9DjQK8wlRmhQI=
-92,-29,x5FXdMW/8EQuYcj8j2lQ3/rXmsU=,kiIUH2Tjj8Kh8K9DjQK8wlRmhQI=
-91,-29,x5FXdMW/8EQuYcj8j2lQ3/rXmsU=,kiIUH2Tjj8Kh8K9DjQK8wlRmhQI=
-90,-29,x5FXdMW/8EQuYcj8j2lQ3/rXmsU=,kiIUH2Tjj8Kh8K9DjQK8wlRmhQI=
-95,-28,x5FXdMW/8EQuYcj8j2lQ3/rXmsU=,kiIUH2Tjj8Kh8K9DjQK8wlRmhQI=
-94,-28,x5FXdMW/8EQuYcj8j2lQ3/rXmsU=,kiIUH2Tjj8Kh8K9DjQK8wlRmhQI=
-93,-28,x5FXdMW/8EQuYcj8j2lQ3/rXmsU=,kiIUH2Tjj8Kh8K9DjQK8wlRmhQI=
-93,-30,x5FXdMW/8EQuYcj8j2lQ3/rXmsU=,kiIUH2Tjj8Kh8K9DjQK8wlRmhQI=
-94,-30,x5FXdMW/8EQuYcj8j2lQ3/rXmsU=,kiIUH2Tjj8Kh8K9DjQK8wlRmhQI=
-92,-28,x5FXdMW/8EQuYcj8j2lQ3/rXmsU=,kiIUH2Tjj8Kh8K9DjQK8wlRmhQI=
-95,-30,x5FXdMW/8EQuYcj8j2lQ3/rXmsU=,kiIUH2Tjj8Kh8K9DjQK8wlRmhQI=
-90,-31,x5FXdMW/8EQuYcj8j2lQ3/rXmsU=,kiIUH2Tjj8Kh8K9DjQK8wlRmhQI=
-91,-31,x5FXdMW/8EQuYcj8j2lQ3/rXmsU=,kiIUH2Tjj8Kh8K9DjQK8wlRmhQI=
-92,-31,x5FXdMW/8EQuYcj8j2lQ3/rXmsU=,kiIUH2Tjj8Kh8K9DjQK8wlRmhQI=
-94,-31,x5FXdMW/8EQuYcj8j2lQ3/rXmsU=,kiIUH2Tjj8Kh8K9DjQK8wlRmhQI=
-93,-31,x5FXdMW/8EQuYcj8j2lQ3/rXmsU=,kiIUH2Tjj8Kh8K9DjQK8wlRmhQI=
-95,-31,x5FXdMW/8EQuYcj8j2lQ3/rXmsU=,kiIUH2Tjj8Kh8K9DjQK8wlRmhQI=
-90,-26,x5FXdMW/8EQuYcj8j2lQ3/rXmsU=,kiIUH2Tjj8Kh8K9DjQK8wlRmhQI=
-91,-26,x5FXdMW/8EQuYcj8j2lQ3/rXmsU=,kiIUH2Tjj8Kh8K9DjQK8wlRmhQI=
-92,-26,x5FXdMW/8EQuYcj8j2lQ3/rXmsU=,kiIUH2Tjj8Kh8K9DjQK8wlRmhQI=
-93,-26,x5FXdMW/8EQuYcj8j2lQ3/rXmsU=,kiIUH2Tjj8Kh8K9DjQK8wlRmhQI=
-94,-26,x5FXdMW/8EQuYcj8j2lQ3/rXmsU=,kiIUH2Tjj8Kh8K9DjQK8wlRmhQI=
-95,-26,x5FXdMW/8EQuYcj8j2lQ3/rXmsU=,kiIUH2Tjj8Kh8K9DjQK8wlRmhQI=
-90,-27,x5FXdMW/8EQuYcj8j2lQ3/rXmsU=,kiIUH2Tjj8Kh8K9DjQK8wlRmhQI=
-91,-27,x5FXdMW/8EQuYcj8j2lQ3/rXmsU=,kiIUH2Tjj8Kh8K9DjQK8wlRmhQI=
-92,-27,x5FXdMW/8EQuYcj8j2lQ3/rXmsU=,kiIUH2Tjj8Kh8K9DjQK8wlRmhQI=
-93,-27,x5FXdMW/8EQuYcj8j2lQ3/rXmsU=,kiIUH2Tjj8Kh8K9DjQK8wlRmhQI=
-94,-27,x5FXdMW/8EQuYcj8j2lQ3/rXmsU=,kiIUH2Tjj8Kh8K9DjQK8wlRmhQI=
-95,-27,x5FXdMW/8EQuYcj8j2lQ3/rXmsU=,kiIUH2Tjj8Kh8K9DjQK8wlRmhQI=
-90,-28,x5FXdMW/8EQuYcj8j2lQ3/rXmsU=,kiIUH2Tjj8Kh8K9DjQK8wlRmhQI=
-91,-28,x5FXdMW/8EQuYcj8j2lQ3/rXmsU=,kiIUH2Tjj8Kh8K9DjQK8wlRmhQI=
-95,-23,x5FXdMW/8EQuYcj8j2lQ3/rXmsU=,0ybuP/z3lxBc5YZlxh0w3vkprgo=
-94,-23,x5FXdMW/8EQuYcj8j2lQ3/rXmsU=,0ybuP/z3lxBc5YZlxh0w3vkprgo=
-93,-23,x5FXdMW/8EQuYcj8j2lQ3/rXmsU=,0ybuP/z3lxBc5YZlxh0w3vkprgo=
-92,-23,x5FXdMW/8EQuYcj8j2lQ3/rXmsU=,0ybuP/z3lxBc5YZlxh0w3vkprgo=
-91,-23,x5FXdMW/8EQuYcj8j2lQ3/rXmsU=,0ybuP/z3lxBc5YZlxh0w3vkprgo=
-90,-23,x5FXdMW/8EQuYcj8j2lQ3/rXmsU=,0ybuP/z3lxBc5YZlxh0w3vkprgo=
-95,-22,x5FXdMW/8EQuYcj8j2lQ3/rXmsU=,0ybuP/z3lxBc5YZlxh0w3vkprgo=
-94,-22,x5FXdMW/8EQuYcj8j2lQ3/rXmsU=,0ybuP/z3lxBc5YZlxh0w3vkprgo=
-93,-22,x5FXdMW/8EQuYcj8j2lQ3/rXmsU=,0ybuP/z3lxBc5YZlxh0w3vkprgo=
-92,-22,x5FXdMW/8EQuYcj8j2lQ3/rXmsU=,0ybuP/z3lxBc5YZlxh0w3vkprgo=
-91,-22,x5FXdMW/8EQuYcj8j2lQ3/rXmsU=,0ybuP/z3lxBc5YZlxh0w3vkprgo=
-90,-22,x5FXdMW/8EQuYcj8j2lQ3/rXmsU=,0ybuP/z3lxBc5YZlxh0w3vkprgo=
-95,-21,x5FXdMW/8EQuYcj8j2lQ3/rXmsU=,0ybuP/z3lxBc5YZlxh0w3vkprgo=
-94,-21,x5FXdMW/8EQuYcj8j2lQ3/rXmsU=,0ybuP/z3lxBc5YZlxh0w3vkprgo=
-93,-21,x5FXdMW/8EQuYcj8j2lQ3/rXmsU=,0ybuP/z3lxBc5YZlxh0w3vkprgo=
-92,-21,x5FXdMW/8EQuYcj8j2lQ3/rXmsU=,0ybuP/z3lxBc5YZlxh0w3vkprgo=
-91,-21,x5FXdMW/8EQuYcj8j2lQ3/rXmsU=,0ybuP/z3lxBc5YZlxh0w3vkprgo=
-90,-21,x5FXdMW/8EQuYcj8j2lQ3/rXmsU=,0ybuP/z3lxBc5YZlxh0w3vkprgo=
-95,-20,x5FXdMW/8EQuYcj8j2lQ3/rXmsU=,0ybuP/z3lxBc5YZlxh0w3vkprgo=
-94,-20,x5FXdMW/8EQuYcj8j2lQ3/rXmsU=,0ybuP/z3lxBc5YZlxh0w3vkprgo=
-95,-25,x5FXdMW/8EQuYcj8j2lQ3/rXmsU=,kiIUH2Tjj8Kh8K9DjQK8wlRmhQI=
-93,-20,x5FXdMW/8EQuYcj8j2lQ3/rXmsU=,0ybuP/z3lxBc5YZlxh0w3vkprgo=
-94,-25,x5FXdMW/8EQuYcj8j2lQ3/rXmsU=,kiIUH2Tjj8Kh8K9DjQK8wlRmhQI=
-93,-25,x5FXdMW/8EQuYcj8j2lQ3/rXmsU=,kiIUH2Tjj8Kh8K9DjQK8wlRmhQI=
-92,-25,x5FXdMW/8EQuYcj8j2lQ3/rXmsU=,kiIUH2Tjj8Kh8K9DjQK8wlRmhQI=
-91,-25,x5FXdMW/8EQuYcj8j2lQ3/rXmsU=,kiIUH2Tjj8Kh8K9DjQK8wlRmhQI=
-92,-20,x5FXdMW/8EQuYcj8j2lQ3/rXmsU=,0ybuP/z3lxBc5YZlxh0w3vkprgo=
-91,-20,x5FXdMW/8EQuYcj8j2lQ3/rXmsU=,0ybuP/z3lxBc5YZlxh0w3vkprgo=
-95,-19,x5FXdMW/8EQuYcj8j2lQ3/rXmsU=,0ybuP/z3lxBc5YZlxh0w3vkprgo=
-94,-19,x5FXdMW/8EQuYcj8j2lQ3/rXmsU=,0ybuP/z3lxBc5YZlxh0w3vkprgo=
-93,-19,x5FXdMW/8EQuYcj8j2lQ3/rXmsU=,0ybuP/z3lxBc5YZlxh0w3vkprgo=
-92,-19,x5FXdMW/8EQuYcj8j2lQ3/rXmsU=,0ybuP/z3lxBc5YZlxh0w3vkprgo=
-91,-19,x5FXdMW/8EQuYcj8j2lQ3/rXmsU=,0ybuP/z3lxBc5YZlxh0w3vkprgo=
-90,-25,x5FXdMW/8EQuYcj8j2lQ3/rXmsU=,kiIUH2Tjj8Kh8K9DjQK8wlRmhQI=
-95,-18,x5FXdMW/8EQuYcj8j2lQ3/rXmsU=,0ybuP/z3lxBc5YZlxh0w3vkprgo=
-94,-18,x5FXdMW/8EQuYcj8j2lQ3/rXmsU=,0ybuP/z3lxBc5YZlxh0w3vkprgo=
-93,-18,x5FXdMW/8EQuYcj8j2lQ3/rXmsU=,0ybuP/z3lxBc5YZlxh0w3vkprgo=
-95,-24,x5FXdMW/8EQuYcj8j2lQ3/rXmsU=,0ybuP/z3lxBc5YZlxh0w3vkprgo=
-94,-24,x5FXdMW/8EQuYcj8j2lQ3/rXmsU=,0ybuP/z3lxBc5YZlxh0w3vkprgo=
-92,-18,x5FXdMW/8EQuYcj8j2lQ3/rXmsU=,0ybuP/z3lxBc5YZlxh0w3vkprgo=
-93,-24,x5FXdMW/8EQuYcj8j2lQ3/rXmsU=,0ybuP/z3lxBc5YZlxh0w3vkprgo=
-92,-24,x5FXdMW/8EQuYcj8j2lQ3/rXmsU=,0ybuP/z3lxBc5YZlxh0w3vkprgo=
-90,-24,x5FXdMW/8EQuYcj8j2lQ3/rXmsU=,0ybuP/z3lxBc5YZlxh0w3vkprgo=
-91,-24,x5FXdMW/8EQuYcj8j2lQ3/rXmsU=,0ybuP/z3lxBc5YZlxh0w3vkprgo=
-92,-17,x5FXdMW/8EQuYcj8j2lQ3/rXmsU=,0ybuP/z3lxBc5YZlxh0w3vkprgo=
-95,-17,x5FXdMW/8EQuYcj8j2lQ3/rXmsU=,0ybuP/z3lxBc5YZlxh0w3vkprgo=
-94,-17,x5FXdMW/8EQuYcj8j2lQ3/rXmsU=,0ybuP/z3lxBc5YZlxh0w3vkprgo=
-93,-17,x5FXdMW/8EQuYcj8j2lQ3/rXmsU=,0ybuP/z3lxBc5YZlxh0w3vkprgo=
-89,-30,x5FXdMW/8EQuYcj8j2lQ3/rXmsU=,kiIUH2Tjj8Kh8K9DjQK8wlRmhQI=
-88,-30,x5FXdMW/8EQuYcj8j2lQ3/rXmsU=,kiIUH2Tjj8Kh8K9DjQK8wlRmhQI=
-87,-30,x5FXdMW/8EQuYcj8j2lQ3/rXmsU=,kiIUH2Tjj8Kh8K9DjQK8wlRmhQI=
-86,-30,x5FXdMW/8EQuYcj8j2lQ3/rXmsU=,kiIUH2Tjj8Kh8K9DjQK8wlRmhQI=
-89,-29,x5FXdMW/8EQuYcj8j2lQ3/rXmsU=,kiIUH2Tjj8Kh8K9DjQK8wlRmhQI=
-88,-31,x5FXdMW/8EQuYcj8j2lQ3/rXmsU=,kiIUH2Tjj8Kh8K9DjQK8wlRmhQI=
-87,-31,x5FXdMW/8EQuYcj8j2lQ3/rXmsU=,kiIUH2Tjj8Kh8K9DjQK8wlRmhQI=
-89,-28,x5FXdMW/8EQuYcj8j2lQ3/rXmsU=,kiIUH2Tjj8Kh8K9DjQK8wlRmhQI=
-85,-30,x5FXdMW/8EQuYcj8j2lQ3/rXmsU=,kiIUH2Tjj8Kh8K9DjQK8wlRmhQI=
-89,-27,x5FXdMW/8EQuYcj8j2lQ3/rXmsU=,kiIUH2Tjj8Kh8K9DjQK8wlRmhQI=
-89,-26,x5FXdMW/8EQuYcj8j2lQ3/rXmsU=,kiIUH2Tjj8Kh8K9DjQK8wlRmhQI=
-88,-29,x5FXdMW/8EQuYcj8j2lQ3/rXmsU=,kiIUH2Tjj8Kh8K9DjQK8wlRmhQI=
-87,-29,x5FXdMW/8EQuYcj8j2lQ3/rXmsU=,kiIUH2Tjj8Kh8K9DjQK8wlRmhQI=
-89,-31,x5FXdMW/8EQuYcj8j2lQ3/rXmsU=,kiIUH2Tjj8Kh8K9DjQK8wlRmhQI=
-84,-31,x5FXdMW/8EQuYcj8j2lQ3/rXmsU=,kiIUH2Tjj8Kh8K9DjQK8wlRmhQI=
-86,-29,x5FXdMW/8EQuYcj8j2lQ3/rXmsU=,kiIUH2Tjj8Kh8K9DjQK8wlRmhQI=
-86,-31,x5FXdMW/8EQuYcj8j2lQ3/rXmsU=,kiIUH2Tjj8Kh8K9DjQK8wlRmhQI=
-88,-28,x5FXdMW/8EQuYcj8j2lQ3/rXmsU=,kiIUH2Tjj8Kh8K9DjQK8wlRmhQI=
-87,-28,x5FXdMW/8EQuYcj8j2lQ3/rXmsU=,kiIUH2Tjj8Kh8K9DjQK8wlRmhQI=
-88,-27,x5FXdMW/8EQuYcj8j2lQ3/rXmsU=,kiIUH2Tjj8Kh8K9DjQK8wlRmhQI=
-87,-27,x5FXdMW/8EQuYcj8j2lQ3/rXmsU=,kiIUH2Tjj8Kh8K9DjQK8wlRmhQI=
-85,-31,x5FXdMW/8EQuYcj8j2lQ3/rXmsU=,kiIUH2Tjj8Kh8K9DjQK8wlRmhQI=
-88,-26,x5FXdMW/8EQuYcj8j2lQ3/rXmsU=,kiIUH2Tjj8Kh8K9DjQK8wlRmhQI=
-87,-32,x5FXdMW/8EQuYcj8j2lQ3/rXmsU=,kiIUH2Tjj8Kh8K9DjQK8wlRmhQI=
-86,-32,x5FXdMW/8EQuYcj8j2lQ3/rXmsU=,kiIUH2Tjj8Kh8K9DjQK8wlRmhQI=
-85,-32,x5FXdMW/8EQuYcj8j2lQ3/rXmsU=,kiIUH2Tjj8Kh8K9DjQK8wlRmhQI=
-84,-32,x5FXdMW/8EQuYcj8j2lQ3/rXmsU=,kiIUH2Tjj8Kh8K9DjQK8wlRmhQI=
-88,-32,x5FXdMW/8EQuYcj8j2lQ3/rXmsU=,kiIUH2Tjj8Kh8K9DjQK8wlRmhQI=
-85,-29,x5FXdMW/8EQuYcj8j2lQ3/rXmsU=,kiIUH2Tjj8Kh8K9DjQK8wlRmhQI=
-95,-32,x5FXdMW/8EQuYcj8j2lQ3/rXmsU=,kiIUH2Tjj8Kh8K9DjQK8wlRmhQI=
-89,-32,x5FXdMW/8EQuYcj8j2lQ3/rXmsU=,kiIUH2Tjj8Kh8K9DjQK8wlRmhQI=
-90,-32,x5FXdMW/8EQuYcj8j2lQ3/rXmsU=,kiIUH2Tjj8Kh8K9DjQK8wlRmhQI=
-91,-32,x5FXdMW/8EQuYcj8j2lQ3/rXmsU=,kiIUH2Tjj8Kh8K9DjQK8wlRmhQI=
-92,-32,x5FXdMW/8EQuYcj8j2lQ3/rXmsU=,kiIUH2Tjj8Kh8K9DjQK8wlRmhQI=
-93,-32,x5FXdMW/8EQuYcj8j2lQ3/rXmsU=,kiIUH2Tjj8Kh8K9DjQK8wlRmhQI=
-94,-32,x5FXdMW/8EQuYcj8j2lQ3/rXmsU=,kiIUH2Tjj8Kh8K9DjQK8wlRmhQI=
-89,-23,x5FXdMW/8EQuYcj8j2lQ3/rXmsU=,0ybuP/z3lxBc5YZlxh0w3vkprgo=
-89,-24,x5FXdMW/8EQuYcj8j2lQ3/rXmsU=,0ybuP/z3lxBc5YZlxh0w3vkprgo=
-89,-25,x5FXdMW/8EQuYcj8j2lQ3/rXmsU=,kiIUH2Tjj8Kh8K9DjQK8wlRmhQI=
-88,-25,x5FXdMW/8EQuYcj8j2lQ3/rXmsU=,kiIUH2Tjj8Kh8K9DjQK8wlRmhQI=
-96,-23,x5FXdMW/8EQuYcj8j2lQ3/rXmsU=,0ybuP/z3lxBc5YZlxh0w3vkprgo=
-96,-22,x5FXdMW/8EQuYcj8j2lQ3/rXmsU=,0ybuP/z3lxBc5YZlxh0w3vkprgo=
-86,-28,x5FXdMW/8EQuYcj8j2lQ3/rXmsU=,kiIUH2Tjj8Kh8K9DjQK8wlRmhQI=
-96,-21,x5FXdMW/8EQuYcj8j2lQ3/rXmsU=,0ybuP/z3lxBc5YZlxh0w3vkprgo=
-96,-17,x5FXdMW/8EQuYcj8j2lQ3/rXmsU=,0ybuP/z3lxBc5YZlxh0w3vkprgo=
-96,-29,x5FXdMW/8EQuYcj8j2lQ3/rXmsU=,kiIUH2Tjj8Kh8K9DjQK8wlRmhQI=
-96,-28,x5FXdMW/8EQuYcj8j2lQ3/rXmsU=,kiIUH2Tjj8Kh8K9DjQK8wlRmhQI=
-96,-27,x5FXdMW/8EQuYcj8j2lQ3/rXmsU=,kiIUH2Tjj8Kh8K9DjQK8wlRmhQI=
-96,-26,x5FXdMW/8EQuYcj8j2lQ3/rXmsU=,kiIUH2Tjj8Kh8K9DjQK8wlRmhQI=
-96,-25,x5FXdMW/8EQuYcj8j2lQ3/rXmsU=,kiIUH2Tjj8Kh8K9DjQK8wlRmhQI=
-96,-24,x5FXdMW/8EQuYcj8j2lQ3/rXmsU=,0ybuP/z3lxBc5YZlxh0w3vkprgo=
-96,-31,x5FXdMW/8EQuYcj8j2lQ3/rXmsU=,kiIUH2Tjj8Kh8K9DjQK8wlRmhQI=
-96,-30,x5FXdMW/8EQuYcj8j2lQ3/rXmsU=,kiIUH2Tjj8Kh8K9DjQK8wlRmhQI=
-89,-22,x5FXdMW/8EQuYcj8j2lQ3/rXmsU=,0ybuP/z3lxBc5YZlxh0w3vkprgo=
-96,-20,x5FXdMW/8EQuYcj8j2lQ3/rXmsU=,0ybuP/z3lxBc5YZlxh0w3vkprgo=
-96,-19,x5FXdMW/8EQuYcj8j2lQ3/rXmsU=,0ybuP/z3lxBc5YZlxh0w3vkprgo=
-96,-18,x5FXdMW/8EQuYcj8j2lQ3/rXmsU=,0ybuP/z3lxBc5YZlxh0w3vkprgo=
-96,-32,x5FXdMW/8EQuYcj8j2lQ3/rXmsU=,kiIUH2Tjj8Kh8K9DjQK8wlRmhQI=
-85,-28,x5FXdMW/8EQuYcj8j2lQ3/rXmsU=,kiIUH2Tjj8Kh8K9DjQK8wlRmhQI=
-85,-24,x5FXdMW/8EQuYcj8j2lQ3/rXmsU=,0ybuP/z3lxBc5YZlxh0w3vkprgo=
-86,-27,x5FXdMW/8EQuYcj8j2lQ3/rXmsU=,kiIUH2Tjj8Kh8K9DjQK8wlRmhQI=
-87,-26,x5FXdMW/8EQuYcj8j2lQ3/rXmsU=,kiIUH2Tjj8Kh8K9DjQK8wlRmhQI=
-85,-27,x5FXdMW/8EQuYcj8j2lQ3/rXmsU=,kiIUH2Tjj8Kh8K9DjQK8wlRmhQI=
-89,-21,x5FXdMW/8EQuYcj8j2lQ3/rXmsU=,0ybuP/z3lxBc5YZlxh0w3vkprgo=
-88,-24,x5FXdMW/8EQuYcj8j2lQ3/rXmsU=,0ybuP/z3lxBc5YZlxh0w3vkprgo=
-84,-25,x5FXdMW/8EQuYcj8j2lQ3/rXmsU=,kiIUH2Tjj8Kh8K9DjQK8wlRmhQI=
-85,-26,x5FXdMW/8EQuYcj8j2lQ3/rXmsU=,kiIUH2Tjj8Kh8K9DjQK8wlRmhQI=
-87,-22,x5FXdMW/8EQuYcj8j2lQ3/rXmsU=,0ybuP/z3lxBc5YZlxh0w3vkprgo=
-86,-21,x5FXdMW/8EQuYcj8j2lQ3/rXmsU=,0ybuP/z3lxBc5YZlxh0w3vkprgo=
-86,-26,x5FXdMW/8EQuYcj8j2lQ3/rXmsU=,kiIUH2Tjj8Kh8K9DjQK8wlRmhQI=
-88,-23,x5FXdMW/8EQuYcj8j2lQ3/rXmsU=,0ybuP/z3lxBc5YZlxh0w3vkprgo=
-87,-24,x5FXdMW/8EQuYcj8j2lQ3/rXmsU=,0ybuP/z3lxBc5YZlxh0w3vkprgo=
-88,-22,x5FXdMW/8EQuYcj8j2lQ3/rXmsU=,0ybuP/z3lxBc5YZlxh0w3vkprgo=
-86,-24,x5FXdMW/8EQuYcj8j2lQ3/rXmsU=,0ybuP/z3lxBc5YZlxh0w3vkprgo=
-87,-21,x5FXdMW/8EQuYcj8j2lQ3/rXmsU=,0ybuP/z3lxBc5YZlxh0w3vkprgo=
-87,-23,x5FXdMW/8EQuYcj8j2lQ3/rXmsU=,0ybuP/z3lxBc5YZlxh0w3vkprgo=
-86,-22,x5FXdMW/8EQuYcj8j2lQ3/rXmsU=,0ybuP/z3lxBc5YZlxh0w3vkprgo=
-89,-17,x5FXdMW/8EQuYcj8j2lQ3/rXmsU=,0ybuP/z3lxBc5YZlxh0w3vkprgo=
-83,-25,x5FXdMW/8EQuYcj8j2lQ3/rXmsU=,kiIUH2Tjj8Kh8K9DjQK8wlRmhQI=
-85,-22,x5FXdMW/8EQuYcj8j2lQ3/rXmsU=,0ybuP/z3lxBc5YZlxh0w3vkprgo=
-87,-25,x5FXdMW/8EQuYcj8j2lQ3/rXmsU=,kiIUH2Tjj8Kh8K9DjQK8wlRmhQI=
-85,-25,x5FXdMW/8EQuYcj8j2lQ3/rXmsU=,kiIUH2Tjj8Kh8K9DjQK8wlRmhQI=
-86,-25,x5FXdMW/8EQuYcj8j2lQ3/rXmsU=,kiIUH2Tjj8Kh8K9DjQK8wlRmhQI=
-89,-20,x5FXdMW/8EQuYcj8j2lQ3/rXmsU=,0ybuP/z3lxBc5YZlxh0w3vkprgo=
-85,-21,x5FXdMW/8EQuYcj8j2lQ3/rXmsU=,0ybuP/z3lxBc5YZlxh0w3vkprgo=
-82,-25,x5FXdMW/8EQuYcj8j2lQ3/rXmsU=,kiIUH2Tjj8Kh8K9DjQK8wlRmhQI=
-81,-22,x5FXdMW/8EQuYcj8j2lQ3/rXmsU=,0ybuP/z3lxBc5YZlxh0w3vkprgo=
-89,-19,x5FXdMW/8EQuYcj8j2lQ3/rXmsU=,0ybuP/z3lxBc5YZlxh0w3vkprgo=
-82,-24,x5FXdMW/8EQuYcj8j2lQ3/rXmsU=,0ybuP/z3lxBc5YZlxh0w3vkprgo=
-84,-22,x5FXdMW/8EQuYcj8j2lQ3/rXmsU=,0ybuP/z3lxBc5YZlxh0w3vkprgo=
-88,-21,x5FXdMW/8EQuYcj8j2lQ3/rXmsU=,0ybuP/z3lxBc5YZlxh0w3vkprgo=
-84,-24,x5FXdMW/8EQuYcj8j2lQ3/rXmsU=,0ybuP/z3lxBc5YZlxh0w3vkprgo=
-82,-32,x5FXdMW/8EQuYcj8j2lQ3/rXmsU=,kiIUH2Tjj8Kh8K9DjQK8wlRmhQI=
-83,-32,x5FXdMW/8EQuYcj8j2lQ3/rXmsU=,kiIUH2Tjj8Kh8K9DjQK8wlRmhQI=
-81,-25,x5FXdMW/8EQuYcj8j2lQ3/rXmsU=,kiIUH2Tjj8Kh8K9DjQK8wlRmhQI=
-81,-23,x5FXdMW/8EQuYcj8j2lQ3/rXmsU=,0ybuP/z3lxBc5YZlxh0w3vkprgo=
-86,-23,x5FXdMW/8EQuYcj8j2lQ3/rXmsU=,0ybuP/z3lxBc5YZlxh0w3vkprgo=
-83,-21,x5FXdMW/8EQuYcj8j2lQ3/rXmsU=,0ybuP/z3lxBc5YZlxh0w3vkprgo=
-82,-23,x5FXdMW/8EQuYcj8j2lQ3/rXmsU=,0ybuP/z3lxBc5YZlxh0w3vkprgo=
-84,-28,x5FXdMW/8EQuYcj8j2lQ3/rXmsU=,kiIUH2Tjj8Kh8K9DjQK8wlRmhQI=
-89,-18,x5FXdMW/8EQuYcj8j2lQ3/rXmsU=,0ybuP/z3lxBc5YZlxh0w3vkprgo=
-83,-23,x5FXdMW/8EQuYcj8j2lQ3/rXmsU=,0ybuP/z3lxBc5YZlxh0w3vkprgo=
-81,-24,x5FXdMW/8EQuYcj8j2lQ3/rXmsU=,0ybuP/z3lxBc5YZlxh0w3vkprgo=
-81,-29,x5FXdMW/8EQuYcj8j2lQ3/rXmsU=,kiIUH2Tjj8Kh8K9DjQK8wlRmhQI=
-81,-28,x5FXdMW/8EQuYcj8j2lQ3/rXmsU=,kiIUH2Tjj8Kh8K9DjQK8wlRmhQI=
-85,-23,x5FXdMW/8EQuYcj8j2lQ3/rXmsU=,0ybuP/z3lxBc5YZlxh0w3vkprgo=
-90,-17,x5FXdMW/8EQuYcj8j2lQ3/rXmsU=,0ybuP/z3lxBc5YZlxh0w3vkprgo=
-81,-21,x5FXdMW/8EQuYcj8j2lQ3/rXmsU=,0ybuP/z3lxBc5YZlxh0w3vkprgo=
-83,-26,x5FXdMW/8EQuYcj8j2lQ3/rXmsU=,kiIUH2Tjj8Kh8K9DjQK8wlRmhQI=
-81,-26,x5FXdMW/8EQuYcj8j2lQ3/rXmsU=,kiIUH2Tjj8Kh8K9DjQK8wlRmhQI=
-84,-21,x5FXdMW/8EQuYcj8j2lQ3/rXmsU=,0ybuP/z3lxBc5YZlxh0w3vkprgo=
-91,-17,x5FXdMW/8EQuYcj8j2lQ3/rXmsU=,0ybuP/z3lxBc5YZlxh0w3vkprgo=
-82,-21,x5FXdMW/8EQuYcj8j2lQ3/rXmsU=,0ybuP/z3lxBc5YZlxh0w3vkprgo=
-82,-29,x5FXdMW/8EQuYcj8j2lQ3/rXmsU=,kiIUH2Tjj8Kh8K9DjQK8wlRmhQI=
-82,-26,x5FXdMW/8EQuYcj8j2lQ3/rXmsU=,kiIUH2Tjj8Kh8K9DjQK8wlRmhQI=
-83,-22,x5FXdMW/8EQuYcj8j2lQ3/rXmsU=,0ybuP/z3lxBc5YZlxh0w3vkprgo=
-83,-24,x5FXdMW/8EQuYcj8j2lQ3/rXmsU=,0ybuP/z3lxBc5YZlxh0w3vkprgo=
-84,-23,x5FXdMW/8EQuYcj8j2lQ3/rXmsU=,0ybuP/z3lxBc5YZlxh0w3vkprgo=
-83,-28,x5FXdMW/8EQuYcj8j2lQ3/rXmsU=,kiIUH2Tjj8Kh8K9DjQK8wlRmhQI=
-82,-28,x5FXdMW/8EQuYcj8j2lQ3/rXmsU=,kiIUH2Tjj8Kh8K9DjQK8wlRmhQI=
-90,-18,x5FXdMW/8EQuYcj8j2lQ3/rXmsU=,0ybuP/z3lxBc5YZlxh0w3vkprgo=
-84,-30,x5FXdMW/8EQuYcj8j2lQ3/rXmsU=,kiIUH2Tjj8Kh8K9DjQK8wlRmhQI=
-91,-18,x5FXdMW/8EQuYcj8j2lQ3/rXmsU=,0ybuP/z3lxBc5YZlxh0w3vkprgo=
-84,-27,x5FXdMW/8EQuYcj8j2lQ3/rXmsU=,kiIUH2Tjj8Kh8K9DjQK8wlRmhQI=
-83,-29,x5FXdMW/8EQuYcj8j2lQ3/rXmsU=,kiIUH2Tjj8Kh8K9DjQK8wlRmhQI=
-81,-32,x5FXdMW/8EQuYcj8j2lQ3/rXmsU=,kiIUH2Tjj8Kh8K9DjQK8wlRmhQI=
-82,-27,x5FXdMW/8EQuYcj8j2lQ3/rXmsU=,kiIUH2Tjj8Kh8K9DjQK8wlRmhQI=
-82,-22,x5FXdMW/8EQuYcj8j2lQ3/rXmsU=,0ybuP/z3lxBc5YZlxh0w3vkprgo=
-83,-30,x5FXdMW/8EQuYcj8j2lQ3/rXmsU=,kiIUH2Tjj8Kh8K9DjQK8wlRmhQI=
-83,-31,x5FXdMW/8EQuYcj8j2lQ3/rXmsU=,kiIUH2Tjj8Kh8K9DjQK8wlRmhQI=
-90,-19,x5FXdMW/8EQuYcj8j2lQ3/rXmsU=,0ybuP/z3lxBc5YZlxh0w3vkprgo=
-84,-29,x5FXdMW/8EQuYcj8j2lQ3/rXmsU=,kiIUH2Tjj8Kh8K9DjQK8wlRmhQI=
-81,-31,x5FXdMW/8EQuYcj8j2lQ3/rXmsU=,kiIUH2Tjj8Kh8K9DjQK8wlRmhQI=
-82,-30,x5FXdMW/8EQuYcj8j2lQ3/rXmsU=,kiIUH2Tjj8Kh8K9DjQK8wlRmhQI=
-81,-30,x5FXdMW/8EQuYcj8j2lQ3/rXmsU=,kiIUH2Tjj8Kh8K9DjQK8wlRmhQI=
-90,-20,x5FXdMW/8EQuYcj8j2lQ3/rXmsU=,0ybuP/z3lxBc5YZlxh0w3vkprgo=
-82,-31,x5FXdMW/8EQuYcj8j2lQ3/rXmsU=,kiIUH2Tjj8Kh8K9DjQK8wlRmhQI=
-84,-26,x5FXdMW/8EQuYcj8j2lQ3/rXmsU=,kiIUH2Tjj8Kh8K9DjQK8wlRmhQI=
-83,-20,x5FXdMW/8EQuYcj8j2lQ3/rXmsU=,0ybuP/z3lxBc5YZlxh0w3vkprgo=
-84,-20,x5FXdMW/8EQuYcj8j2lQ3/rXmsU=,0ybuP/z3lxBc5YZlxh0w3vkprgo=
-82,-19,x5FXdMW/8EQuYcj8j2lQ3/rXmsU=,0ybuP/z3lxBc5YZlxh0w3vkprgo=
-82,-18,x5FXdMW/8EQuYcj8j2lQ3/rXmsU=,0ybuP/z3lxBc5YZlxh0w3vkprgo=
-88,-18,zyKyL3q2wkmYglhutYkYuVqP17g=,0ybuP/z3lxBc5YZlxh0w3vkprgo=
-88,-19,zyKyL3q2wkmYglhutYkYuVqP17g=,0ybuP/z3lxBc5YZlxh0w3vkprgo=
-81,-27,zyKyL3q2wkmYglhutYkYuVqP17g=,kiIUH2Tjj8Kh8K9DjQK8wlRmhQI=
-87,-18,zyKyL3q2wkmYglhutYkYuVqP17g=,0ybuP/z3lxBc5YZlxh0w3vkprgo=
-83,-27,zyKyL3q2wkmYglhutYkYuVqP17g=,kiIUH2Tjj8Kh8K9DjQK8wlRmhQI=
-83,-19,zyKyL3q2wkmYglhutYkYuVqP17g=,0ybuP/z3lxBc5YZlxh0w3vkprgo=
-84,-18,zyKyL3q2wkmYglhutYkYuVqP17g=,0ybuP/z3lxBc5YZlxh0w3vkprgo=
-85,-18,zyKyL3q2wkmYglhutYkYuVqP17g=,0ybuP/z3lxBc5YZlxh0w3vkprgo=
-86,-18,zyKyL3q2wkmYglhutYkYuVqP17g=,0ybuP/z3lxBc5YZlxh0w3vkprgo=
-86,-19,zyKyL3q2wkmYglhutYkYuVqP17g=,0ybuP/z3lxBc5YZlxh0w3vkprgo=
-82,-20,zyKyL3q2wkmYglhutYkYuVqP17g=,0ybuP/z3lxBc5YZlxh0w3vkprgo=
-85,-19,zyKyL3q2wkmYglhutYkYuVqP17g=,0ybuP/z3lxBc5YZlxh0w3vkprgo=
-83,-18,zyKyL3q2wkmYglhutYkYuVqP17g=,0ybuP/z3lxBc5YZlxh0w3vkprgo=
-85,-17,zyKyL3q2wkmYglhutYkYuVqP17g=,0ybuP/z3lxBc5YZlxh0w3vkprgo=
-87,-20,zyKyL3q2wkmYglhutYkYuVqP17g=,0ybuP/z3lxBc5YZlxh0w3vkprgo=
-86,-20,zyKyL3q2wkmYglhutYkYuVqP17g=,0ybuP/z3lxBc5YZlxh0w3vkprgo=
-88,-20,zyKyL3q2wkmYglhutYkYuVqP17g=,0ybuP/z3lxBc5YZlxh0w3vkprgo=
-81,-20,zyKyL3q2wkmYglhutYkYuVqP17g=,0ybuP/z3lxBc5YZlxh0w3vkprgo=
-81,-19,zyKyL3q2wkmYglhutYkYuVqP17g=,0ybuP/z3lxBc5YZlxh0w3vkprgo=
-81,-18,zyKyL3q2wkmYglhutYkYuVqP17g=,0ybuP/z3lxBc5YZlxh0w3vkprgo=
-87,-19,zyKyL3q2wkmYglhutYkYuVqP17g=,0ybuP/z3lxBc5YZlxh0w3vkprgo=
-87,-17,zyKyL3q2wkmYglhutYkYuVqP17g=,0ybuP/z3lxBc5YZlxh0w3vkprgo=
-81,-17,zyKyL3q2wkmYglhutYkYuVqP17g=,0ybuP/z3lxBc5YZlxh0w3vkprgo=
-82,-17,zyKyL3q2wkmYglhutYkYuVqP17g=,0ybuP/z3lxBc5YZlxh0w3vkprgo=
-85,-20,zyKyL3q2wkmYglhutYkYuVqP17g=,0ybuP/z3lxBc5YZlxh0w3vkprgo=
-84,-19,zyKyL3q2wkmYglhutYkYuVqP17g=,0ybuP/z3lxBc5YZlxh0w3vkprgo=
-83,-17,zyKyL3q2wkmYglhutYkYuVqP17g=,0ybuP/z3lxBc5YZlxh0w3vkprgo=
-86,-17,zyKyL3q2wkmYglhutYkYuVqP17g=,0ybuP/z3lxBc5YZlxh0w3vkprgo=
-88,-17,zyKyL3q2wkmYglhutYkYuVqP17g=,0ybuP/z3lxBc5YZlxh0w3vkprgo=
-84,-17,zyKyL3q2wkmYglhutYkYuVqP17g=,0ybuP/z3lxBc5YZlxh0w3vkprgo=
-84,-4,zyKyL3q2wkmYglhutYkYuVqP17g=,O88SSzTG/2s3+w+Ensp4F/qroXw=
-82,-3,zyKyL3q2wkmYglhutYkYuVqP17g=,O88SSzTG/2s3+w+Ensp4F/qroXw=
-83,-4,zyKyL3q2wkmYglhutYkYuVqP17g=,O88SSzTG/2s3+w+Ensp4F/qroXw=
-82,-4,zyKyL3q2wkmYglhutYkYuVqP17g=,O88SSzTG/2s3+w+Ensp4F/qroXw=
-82,-2,zyKyL3q2wkmYglhutYkYuVqP17g=,O88SSzTG/2s3+w+Ensp4F/qroXw=
-85,-3,zyKyL3q2wkmYglhutYkYuVqP17g=,O88SSzTG/2s3+w+Ensp4F/qroXw=
-84,-3,zyKyL3q2wkmYglhutYkYuVqP17g=,O88SSzTG/2s3+w+Ensp4F/qroXw=
-82,-6,zyKyL3q2wkmYglhutYkYuVqP17g=,O88SSzTG/2s3+w+Ensp4F/qroXw=
-83,-5,zyKyL3q2wkmYglhutYkYuVqP17g=,O88SSzTG/2s3+w+Ensp4F/qroXw=
-82,-5,zyKyL3q2wkmYglhutYkYuVqP17g=,O88SSzTG/2s3+w+Ensp4F/qroXw=
-85,-2,zyKyL3q2wkmYglhutYkYuVqP17g=,O88SSzTG/2s3+w+Ensp4F/qroXw=
-83,-3,zyKyL3q2wkmYglhutYkYuVqP17g=,O88SSzTG/2s3+w+Ensp4F/qroXw=
-84,-2,zyKyL3q2wkmYglhutYkYuVqP17g=,O88SSzTG/2s3+w+Ensp4F/qroXw=
-83,-2,zyKyL3q2wkmYglhutYkYuVqP17g=,O88SSzTG/2s3+w+Ensp4F/qroXw=
-95,-15,zyKyL3q2wkmYglhutYkYuVqP17g=,YJHrvz15p4dDBjDRk1fp7GaxuhY=
-94,-15,zyKyL3q2wkmYglhutYkYuVqP17g=,YJHrvz15p4dDBjDRk1fp7GaxuhY=
-93,-15,zyKyL3q2wkmYglhutYkYuVqP17g=,YJHrvz15p4dDBjDRk1fp7GaxuhY=
-95,-14,zyKyL3q2wkmYglhutYkYuVqP17g=,YJHrvz15p4dDBjDRk1fp7GaxuhY=
-94,-14,zyKyL3q2wkmYglhutYkYuVqP17g=,YJHrvz15p4dDBjDRk1fp7GaxuhY=
-95,-13,zyKyL3q2wkmYglhutYkYuVqP17g=,YJHrvz15p4dDBjDRk1fp7GaxuhY=
-94,-13,zyKyL3q2wkmYglhutYkYuVqP17g=,YJHrvz15p4dDBjDRk1fp7GaxuhY=
-95,-12,zyKyL3q2wkmYglhutYkYuVqP17g=,YJHrvz15p4dDBjDRk1fp7GaxuhY=
-89,-8,zyKyL3q2wkmYglhutYkYuVqP17g=,SoWWOuoNUp1cpkiJQgP1VwRfICQ=
-89,-12,zyKyL3q2wkmYglhutYkYuVqP17g=,YJHrvz15p4dDBjDRk1fp7GaxuhY=
-91,-10,zyKyL3q2wkmYglhutYkYuVqP17g=,YJHrvz15p4dDBjDRk1fp7GaxuhY=
-90,-10,zyKyL3q2wkmYglhutYkYuVqP17g=,YJHrvz15p4dDBjDRk1fp7GaxuhY=
-92,-12,zyKyL3q2wkmYglhutYkYuVqP17g=,YJHrvz15p4dDBjDRk1fp7GaxuhY=
-89,-11,zyKyL3q2wkmYglhutYkYuVqP17g=,YJHrvz15p4dDBjDRk1fp7GaxuhY=
-91,-12,zyKyL3q2wkmYglhutYkYuVqP17g=,YJHrvz15p4dDBjDRk1fp7GaxuhY=
-90,-12,zyKyL3q2wkmYglhutYkYuVqP17g=,YJHrvz15p4dDBjDRk1fp7GaxuhY=
-92,-11,zyKyL3q2wkmYglhutYkYuVqP17g=,YJHrvz15p4dDBjDRk1fp7GaxuhY=
-89,-10,zyKyL3q2wkmYglhutYkYuVqP17g=,YJHrvz15p4dDBjDRk1fp7GaxuhY=
-91,-11,zyKyL3q2wkmYglhutYkYuVqP17g=,YJHrvz15p4dDBjDRk1fp7GaxuhY=
-89,-9,zyKyL3q2wkmYglhutYkYuVqP17g=,YJHrvz15p4dDBjDRk1fp7GaxuhY=
-95,-16,zyKyL3q2wkmYglhutYkYuVqP17g=,YJHrvz15p4dDBjDRk1fp7GaxuhY=
-94,-16,zyKyL3q2wkmYglhutYkYuVqP17g=,YJHrvz15p4dDBjDRk1fp7GaxuhY=
-93,-16,zyKyL3q2wkmYglhutYkYuVqP17g=,YJHrvz15p4dDBjDRk1fp7GaxuhY=
-90,-11,zyKyL3q2wkmYglhutYkYuVqP17g=,YJHrvz15p4dDBjDRk1fp7GaxuhY=
-92,-10,zyKyL3q2wkmYglhutYkYuVqP17g=,YJHrvz15p4dDBjDRk1fp7GaxuhY=
-92,-9,zyKyL3q2wkmYglhutYkYuVqP17g=,YJHrvz15p4dDBjDRk1fp7GaxuhY=
-91,-9,zyKyL3q2wkmYglhutYkYuVqP17g=,YJHrvz15p4dDBjDRk1fp7GaxuhY=
-96,-15,zyKyL3q2wkmYglhutYkYuVqP17g=,YJHrvz15p4dDBjDRk1fp7GaxuhY=
-96,-14,zyKyL3q2wkmYglhutYkYuVqP17g=,YJHrvz15p4dDBjDRk1fp7GaxuhY=
-90,-9,zyKyL3q2wkmYglhutYkYuVqP17g=,YJHrvz15p4dDBjDRk1fp7GaxuhY=
-96,-13,zyKyL3q2wkmYglhutYkYuVqP17g=,YJHrvz15p4dDBjDRk1fp7GaxuhY=
-96,-12,zyKyL3q2wkmYglhutYkYuVqP17g=,YJHrvz15p4dDBjDRk1fp7GaxuhY=
-86,-6,zyKyL3q2wkmYglhutYkYuVqP17g=,O88SSzTG/2s3+w+Ensp4F/qroXw=
-88,-12,zyKyL3q2wkmYglhutYkYuVqP17g=,YJHrvz15p4dDBjDRk1fp7GaxuhY=
-89,-16,zyKyL3q2wkmYglhutYkYuVqP17g=,YJHrvz15p4dDBjDRk1fp7GaxuhY=
-86,-5,zyKyL3q2wkmYglhutYkYuVqP17g=,O88SSzTG/2s3+w+Ensp4F/qroXw=
-89,-5,zyKyL3q2wkmYglhutYkYuVqP17g=,SoWWOuoNUp1cpkiJQgP1VwRfICQ=
-96,-8,zyKyL3q2wkmYglhutYkYuVqP17g=,SoWWOuoNUp1cpkiJQgP1VwRfICQ=
-91,-8,zyKyL3q2wkmYglhutYkYuVqP17g=,SoWWOuoNUp1cpkiJQgP1VwRfICQ=
-92,-8,zyKyL3q2wkmYglhutYkYuVqP17g=,SoWWOuoNUp1cpkiJQgP1VwRfICQ=
-90,-16,zyKyL3q2wkmYglhutYkYuVqP17g=,YJHrvz15p4dDBjDRk1fp7GaxuhY=
-87,-12,zyKyL3q2wkmYglhutYkYuVqP17g=,YJHrvz15p4dDBjDRk1fp7GaxuhY=
-96,-9,zyKyL3q2wkmYglhutYkYuVqP17g=,YJHrvz15p4dDBjDRk1fp7GaxuhY=
-90,-5,zyKyL3q2wkmYglhutYkYuVqP17g=,SoWWOuoNUp1cpkiJQgP1VwRfICQ=
-96,-16,zyKyL3q2wkmYglhutYkYuVqP17g=,YJHrvz15p4dDBjDRk1fp7GaxuhY=
-81,-3,zyKyL3q2wkmYglhutYkYuVqP17g=,O88SSzTG/2s3+w+Ensp4F/qroXw=
-81,-4,zyKyL3q2wkmYglhutYkYuVqP17g=,O88SSzTG/2s3+w+Ensp4F/qroXw=
-81,-2,zyKyL3q2wkmYglhutYkYuVqP17g=,O88SSzTG/2s3+w+Ensp4F/qroXw=
-86,-12,zyKyL3q2wkmYglhutYkYuVqP17g=,YJHrvz15p4dDBjDRk1fp7GaxuhY=
-91,-16,zyKyL3q2wkmYglhutYkYuVqP17g=,YJHrvz15p4dDBjDRk1fp7GaxuhY=
-85,-6,zyKyL3q2wkmYglhutYkYuVqP17g=,O88SSzTG/2s3+w+Ensp4F/qroXw=
-92,-16,zyKyL3q2wkmYglhutYkYuVqP17g=,YJHrvz15p4dDBjDRk1fp7GaxuhY=
-96,-5,zyKyL3q2wkmYglhutYkYuVqP17g=,SoWWOuoNUp1cpkiJQgP1VwRfICQ=
-85,-5,zyKyL3q2wkmYglhutYkYuVqP17g=,O88SSzTG/2s3+w+Ensp4F/qroXw=
-91,-5,zyKyL3q2wkmYglhutYkYuVqP17g=,SoWWOuoNUp1cpkiJQgP1VwRfICQ=
-84,-12,zyKyL3q2wkmYglhutYkYuVqP17g=,YJHrvz15p4dDBjDRk1fp7GaxuhY=
-85,-12,zyKyL3q2wkmYglhutYkYuVqP17g=,YJHrvz15p4dDBjDRk1fp7GaxuhY=
-90,-8,zyKyL3q2wkmYglhutYkYuVqP17g=,SoWWOuoNUp1cpkiJQgP1VwRfICQ=
-89,-13,zyKyL3q2wkmYglhutYkYuVqP17g=,YJHrvz15p4dDBjDRk1fp7GaxuhY=
-81,-16,zyKyL3q2wkmYglhutYkYuVqP17g=,YJHrvz15p4dDBjDRk1fp7GaxuhY=
-96,-2,zyKyL3q2wkmYglhutYkYuVqP17g=,SoWWOuoNUp1cpkiJQgP1VwRfICQ=
-96,-6,zyKyL3q2wkmYglhutYkYuVqP17g=,SoWWOuoNUp1cpkiJQgP1VwRfICQ=
-92,-5,zyKyL3q2wkmYglhutYkYuVqP17g=,SoWWOuoNUp1cpkiJQgP1VwRfICQ=
-83,-12,zyKyL3q2wkmYglhutYkYuVqP17g=,YJHrvz15p4dDBjDRk1fp7GaxuhY=
-82,-1,zyKyL3q2wkmYglhutYkYuVqP17g=,O88SSzTG/2s3+w+Ensp4F/qroXw=
-86,-1,zyKyL3q2wkmYglhutYkYuVqP17g=,O88SSzTG/2s3+w+Ensp4F/qroXw=
-85,-1,zyKyL3q2wkmYglhutYkYuVqP17g=,O88SSzTG/2s3+w+Ensp4F/qroXw=
-88,-11,zyKyL3q2wkmYglhutYkYuVqP17g=,YJHrvz15p4dDBjDRk1fp7GaxuhY=
-89,-14,zyKyL3q2wkmYglhutYkYuVqP17g=,YJHrvz15p4dDBjDRk1fp7GaxuhY=
-85,-13,zyKyL3q2wkmYglhutYkYuVqP17g=,YJHrvz15p4dDBjDRk1fp7GaxuhY=
-96,-3,zyKyL3q2wkmYglhutYkYuVqP17g=,SoWWOuoNUp1cpkiJQgP1VwRfICQ=
-82,-12,zyKyL3q2wkmYglhutYkYuVqP17g=,YJHrvz15p4dDBjDRk1fp7GaxuhY=
-89,-1,zyKyL3q2wkmYglhutYkYuVqP17g=,SoWWOuoNUp1cpkiJQgP1VwRfICQ=
-87,-11,zyKyL3q2wkmYglhutYkYuVqP17g=,YJHrvz15p4dDBjDRk1fp7GaxuhY=
-96,-7,zyKyL3q2wkmYglhutYkYuVqP17g=,SoWWOuoNUp1cpkiJQgP1VwRfICQ=
-89,-15,zyKyL3q2wkmYglhutYkYuVqP17g=,YJHrvz15p4dDBjDRk1fp7GaxuhY=
-84,-13,zyKyL3q2wkmYglhutYkYuVqP17g=,YJHrvz15p4dDBjDRk1fp7GaxuhY=
-96,-4,zyKyL3q2wkmYglhutYkYuVqP17g=,SoWWOuoNUp1cpkiJQgP1VwRfICQ=
-84,-11,zyKyL3q2wkmYglhutYkYuVqP17g=,YJHrvz15p4dDBjDRk1fp7GaxuhY=
-90,-1,zyKyL3q2wkmYglhutYkYuVqP17g=,SoWWOuoNUp1cpkiJQgP1VwRfICQ=
-86,-11,zyKyL3q2wkmYglhutYkYuVqP17g=,YJHrvz15p4dDBjDRk1fp7GaxuhY=
-93,-5,zyKyL3q2wkmYglhutYkYuVqP17g=,SoWWOuoNUp1cpkiJQgP1VwRfICQ=
-90,-13,zyKyL3q2wkmYglhutYkYuVqP17g=,YJHrvz15p4dDBjDRk1fp7GaxuhY=
-82,-16,zyKyL3q2wkmYglhutYkYuVqP17g=,YJHrvz15p4dDBjDRk1fp7GaxuhY=
-93,-1,zyKyL3q2wkmYglhutYkYuVqP17g=,SoWWOuoNUp1cpkiJQgP1VwRfICQ=
-91,-1,AslfwhSQ9DqebjW/NvLKLZSz2J0=,SoWWOuoNUp1cpkiJQgP1VwRfICQ=
-83,-11,AslfwhSQ9DqebjW/NvLKLZSz2J0=,YJHrvz15p4dDBjDRk1fp7GaxuhY=
-94,-5,AslfwhSQ9DqebjW/NvLKLZSz2J0=,SoWWOuoNUp1cpkiJQgP1VwRfICQ=
-91,-13,AslfwhSQ9DqebjW/NvLKLZSz2J0=,YJHrvz15p4dDBjDRk1fp7GaxuhY=
-83,-16,AslfwhSQ9DqebjW/NvLKLZSz2J0=,YJHrvz15p4dDBjDRk1fp7GaxuhY=
-94,-1,AslfwhSQ9DqebjW/NvLKLZSz2J0=,SoWWOuoNUp1cpkiJQgP1VwRfICQ=
-92,-1,AslfwhSQ9DqebjW/NvLKLZSz2J0=,SoWWOuoNUp1cpkiJQgP1VwRfICQ=
-85,-11,AslfwhSQ9DqebjW/NvLKLZSz2J0=,YJHrvz15p4dDBjDRk1fp7GaxuhY=
-84,-16,AslfwhSQ9DqebjW/NvLKLZSz2J0=,YJHrvz15p4dDBjDRk1fp7GaxuhY=
-92,-13,AslfwhSQ9DqebjW/NvLKLZSz2J0=,YJHrvz15p4dDBjDRk1fp7GaxuhY=
-95,-5,AslfwhSQ9DqebjW/NvLKLZSz2J0=,SoWWOuoNUp1cpkiJQgP1VwRfICQ=
-95,-1,AslfwhSQ9DqebjW/NvLKLZSz2J0=,SoWWOuoNUp1cpkiJQgP1VwRfICQ=
-89,-2,AslfwhSQ9DqebjW/NvLKLZSz2J0=,SoWWOuoNUp1cpkiJQgP1VwRfICQ=
-88,-10,AslfwhSQ9DqebjW/NvLKLZSz2J0=,YJHrvz15p4dDBjDRk1fp7GaxuhY=
-85,-16,AslfwhSQ9DqebjW/NvLKLZSz2J0=,YJHrvz15p4dDBjDRk1fp7GaxuhY=
-93,-6,AslfwhSQ9DqebjW/NvLKLZSz2J0=,SoWWOuoNUp1cpkiJQgP1VwRfICQ=
-93,-2,AslfwhSQ9DqebjW/NvLKLZSz2J0=,SoWWOuoNUp1cpkiJQgP1VwRfICQ=
-90,-14,AslfwhSQ9DqebjW/NvLKLZSz2J0=,YJHrvz15p4dDBjDRk1fp7GaxuhY=
-90,-2,AslfwhSQ9DqebjW/NvLKLZSz2J0=,SoWWOuoNUp1cpkiJQgP1VwRfICQ=
-87,-10,AslfwhSQ9DqebjW/NvLKLZSz2J0=,YJHrvz15p4dDBjDRk1fp7GaxuhY=
-94,-6,AslfwhSQ9DqebjW/NvLKLZSz2J0=,SoWWOuoNUp1cpkiJQgP1VwRfICQ=
-94,-2,AslfwhSQ9DqebjW/NvLKLZSz2J0=,SoWWOuoNUp1cpkiJQgP1VwRfICQ=
-86,-16,AslfwhSQ9DqebjW/NvLKLZSz2J0=,YJHrvz15p4dDBjDRk1fp7GaxuhY=
-91,-2,AslfwhSQ9DqebjW/NvLKLZSz2J0=,SoWWOuoNUp1cpkiJQgP1VwRfICQ=
-91,-14,AslfwhSQ9DqebjW/NvLKLZSz2J0=,YJHrvz15p4dDBjDRk1fp7GaxuhY=
-87,-16,AslfwhSQ9DqebjW/NvLKLZSz2J0=,YJHrvz15p4dDBjDRk1fp7GaxuhY=
-95,-2,AslfwhSQ9DqebjW/NvLKLZSz2J0=,SoWWOuoNUp1cpkiJQgP1VwRfICQ=
-92,-2,AslfwhSQ9DqebjW/NvLKLZSz2J0=,SoWWOuoNUp1cpkiJQgP1VwRfICQ=
-86,-10,AslfwhSQ9DqebjW/NvLKLZSz2J0=,YJHrvz15p4dDBjDRk1fp7GaxuhY=
-92,-14,AslfwhSQ9DqebjW/NvLKLZSz2J0=,YJHrvz15p4dDBjDRk1fp7GaxuhY=
-88,-16,AslfwhSQ9DqebjW/NvLKLZSz2J0=,YJHrvz15p4dDBjDRk1fp7GaxuhY=
-93,-3,AslfwhSQ9DqebjW/NvLKLZSz2J0=,SoWWOuoNUp1cpkiJQgP1VwRfICQ=
-89,-3,AslfwhSQ9DqebjW/NvLKLZSz2J0=,SoWWOuoNUp1cpkiJQgP1VwRfICQ=
-90,-15,AslfwhSQ9DqebjW/NvLKLZSz2J0=,YJHrvz15p4dDBjDRk1fp7GaxuhY=
-95,-6,AslfwhSQ9DqebjW/NvLKLZSz2J0=,SoWWOuoNUp1cpkiJQgP1VwRfICQ=
-81,-10,AslfwhSQ9DqebjW/NvLKLZSz2J0=,YJHrvz15p4dDBjDRk1fp7GaxuhY=
-90,-3,AslfwhSQ9DqebjW/NvLKLZSz2J0=,SoWWOuoNUp1cpkiJQgP1VwRfICQ=
-94,-3,AslfwhSQ9DqebjW/NvLKLZSz2J0=,SoWWOuoNUp1cpkiJQgP1VwRfICQ=
-83,-13,AslfwhSQ9DqebjW/NvLKLZSz2J0=,YJHrvz15p4dDBjDRk1fp7GaxuhY=
-91,-15,AslfwhSQ9DqebjW/NvLKLZSz2J0=,YJHrvz15p4dDBjDRk1fp7GaxuhY=
-93,-7,AslfwhSQ9DqebjW/NvLKLZSz2J0=,SoWWOuoNUp1cpkiJQgP1VwRfICQ=
-81,-11,AslfwhSQ9DqebjW/NvLKLZSz2J0=,YJHrvz15p4dDBjDRk1fp7GaxuhY=
-92,-15,AslfwhSQ9DqebjW/NvLKLZSz2J0=,YJHrvz15p4dDBjDRk1fp7GaxuhY=
-95,-3,AslfwhSQ9DqebjW/NvLKLZSz2J0=,SoWWOuoNUp1cpkiJQgP1VwRfICQ=
-96,-10,AslfwhSQ9DqebjW/NvLKLZSz2J0=,YJHrvz15p4dDBjDRk1fp7GaxuhY=
-91,-3,AslfwhSQ9DqebjW/NvLKLZSz2J0=,SoWWOuoNUp1cpkiJQgP1VwRfICQ=
-82,-13,AslfwhSQ9DqebjW/NvLKLZSz2J0=,YJHrvz15p4dDBjDRk1fp7GaxuhY=
-85,-10,AslfwhSQ9DqebjW/NvLKLZSz2J0=,YJHrvz15p4dDBjDRk1fp7GaxuhY=
-94,-7,AslfwhSQ9DqebjW/NvLKLZSz2J0=,SoWWOuoNUp1cpkiJQgP1VwRfICQ=
-81,-12,AslfwhSQ9DqebjW/NvLKLZSz2J0=,YJHrvz15p4dDBjDRk1fp7GaxuhY=
-87,-6,AslfwhSQ9DqebjW/NvLKLZSz2J0=,O88SSzTG/2s3+w+Ensp4F/qroXw=
-81,-6,AslfwhSQ9DqebjW/NvLKLZSz2J0=,O88SSzTG/2s3+w+Ensp4F/qroXw=
-93,-4,AslfwhSQ9DqebjW/NvLKLZSz2J0=,SoWWOuoNUp1cpkiJQgP1VwRfICQ=
-92,-3,AslfwhSQ9DqebjW/NvLKLZSz2J0=,SoWWOuoNUp1cpkiJQgP1VwRfICQ=
-88,-15,AslfwhSQ9DqebjW/NvLKLZSz2J0=,YJHrvz15p4dDBjDRk1fp7GaxuhY=
-95,-7,AslfwhSQ9DqebjW/NvLKLZSz2J0=,SoWWOuoNUp1cpkiJQgP1VwRfICQ=
-88,-14,AslfwhSQ9DqebjW/NvLKLZSz2J0=,YJHrvz15p4dDBjDRk1fp7GaxuhY=
-94,-4,AslfwhSQ9DqebjW/NvLKLZSz2J0=,SoWWOuoNUp1cpkiJQgP1VwRfICQ=
-85,-8,AslfwhSQ9DqebjW/NvLKLZSz2J0=,O88SSzTG/2s3+w+Ensp4F/qroXw=
-87,-15,AslfwhSQ9DqebjW/NvLKLZSz2J0=,YJHrvz15p4dDBjDRk1fp7GaxuhY=
-89,-4,AslfwhSQ9DqebjW/NvLKLZSz2J0=,SoWWOuoNUp1cpkiJQgP1VwRfICQ=
-93,-8,AslfwhSQ9DqebjW/NvLKLZSz2J0=,SoWWOuoNUp1cpkiJQgP1VwRfICQ=
-89,-6,AslfwhSQ9DqebjW/NvLKLZSz2J0=,SoWWOuoNUp1cpkiJQgP1VwRfICQ=
-88,-9,AslfwhSQ9DqebjW/NvLKLZSz2J0=,YJHrvz15p4dDBjDRk1fp7GaxuhY=
-95,-4,AslfwhSQ9DqebjW/NvLKLZSz2J0=,SoWWOuoNUp1cpkiJQgP1VwRfICQ=
-81,-15,AslfwhSQ9DqebjW/NvLKLZSz2J0=,YJHrvz15p4dDBjDRk1fp7GaxuhY=
-82,-11,AslfwhSQ9DqebjW/NvLKLZSz2J0=,YJHrvz15p4dDBjDRk1fp7GaxuhY=
-90,-4,AslfwhSQ9DqebjW/NvLKLZSz2J0=,SoWWOuoNUp1cpkiJQgP1VwRfICQ=
-94,-8,AslfwhSQ9DqebjW/NvLKLZSz2J0=,SoWWOuoNUp1cpkiJQgP1VwRfICQ=
-96,-1,AslfwhSQ9DqebjW/NvLKLZSz2J0=,SoWWOuoNUp1cpkiJQgP1VwRfICQ=
-81,-1,AslfwhSQ9DqebjW/NvLKLZSz2J0=,O88SSzTG/2s3+w+Ensp4F/qroXw=
-96,-11,AslfwhSQ9DqebjW/NvLKLZSz2J0=,YJHrvz15p4dDBjDRk1fp7GaxuhY=
-87,-9,AslfwhSQ9DqebjW/NvLKLZSz2J0=,YJHrvz15p4dDBjDRk1fp7GaxuhY=
-81,-13,AslfwhSQ9DqebjW/NvLKLZSz2J0=,YJHrvz15p4dDBjDRk1fp7GaxuhY=
-91,-4,AslfwhSQ9DqebjW/NvLKLZSz2J0=,SoWWOuoNUp1cpkiJQgP1VwRfICQ=
-95,-8,AslfwhSQ9DqebjW/NvLKLZSz2J0=,SoWWOuoNUp1cpkiJQgP1VwRfICQ=
-84,-10,AslfwhSQ9DqebjW/NvLKLZSz2J0=,YJHrvz15p4dDBjDRk1fp7GaxuhY=
-81,-14,AslfwhSQ9DqebjW/NvLKLZSz2J0=,YJHrvz15p4dDBjDRk1fp7GaxuhY=
-87,-14,AslfwhSQ9DqebjW/NvLKLZSz2J0=,YJHrvz15p4dDBjDRk1fp7GaxuhY=
-83,-1,AslfwhSQ9DqebjW/NvLKLZSz2J0=,O88SSzTG/2s3+w+Ensp4F/qroXw=
-84,-1,AslfwhSQ9DqebjW/NvLKLZSz2J0=,O88SSzTG/2s3+w+Ensp4F/qroXw=
-86,-9,AslfwhSQ9DqebjW/NvLKLZSz2J0=,YJHrvz15p4dDBjDRk1fp7GaxuhY=
-93,-14,AslfwhSQ9DqebjW/NvLKLZSz2J0=,YJHrvz15p4dDBjDRk1fp7GaxuhY=
-87,-1,AslfwhSQ9DqebjW/NvLKLZSz2J0=,O88SSzTG/2s3+w+Ensp4F/qroXw=
-92,-4,AslfwhSQ9DqebjW/NvLKLZSz2J0=,SoWWOuoNUp1cpkiJQgP1VwRfICQ=
-93,-9,AslfwhSQ9DqebjW/NvLKLZSz2J0=,YJHrvz15p4dDBjDRk1fp7GaxuhY=
-86,-15,AslfwhSQ9DqebjW/NvLKLZSz2J0=,YJHrvz15p4dDBjDRk1fp7GaxuhY=
-83,-10,AslfwhSQ9DqebjW/NvLKLZSz2J0=,YJHrvz15p4dDBjDRk1fp7GaxuhY=
-88,-1,AslfwhSQ9DqebjW/NvLKLZSz2J0=,O88SSzTG/2s3+w+Ensp4F/qroXw=
-86,-14,AslfwhSQ9DqebjW/NvLKLZSz2J0=,YJHrvz15p4dDBjDRk1fp7GaxuhY=
-94,-9,AslfwhSQ9DqebjW/NvLKLZSz2J0=,YJHrvz15p4dDBjDRk1fp7GaxuhY=
-85,-15,AslfwhSQ9DqebjW/NvLKLZSz2J0=,YJHrvz15p4dDBjDRk1fp7GaxuhY=
-85,-7,AslfwhSQ9DqebjW/NvLKLZSz2J0=,O88SSzTG/2s3+w+Ensp4F/qroXw=
-88,-4,AslfwhSQ9DqebjW/NvLKLZSz2J0=,O88SSzTG/2s3+w+Ensp4F/qroXw=
-95,-9,AslfwhSQ9DqebjW/NvLKLZSz2J0=,YJHrvz15p4dDBjDRk1fp7GaxuhY=
-84,-15,AslfwhSQ9DqebjW/NvLKLZSz2J0=,YJHrvz15p4dDBjDRk1fp7GaxuhY=
-87,-5,AslfwhSQ9DqebjW/NvLKLZSz2J0=,O88SSzTG/2s3+w+Ensp4F/qroXw=
-88,-3,AslfwhSQ9DqebjW/NvLKLZSz2J0=,O88SSzTG/2s3+w+Ensp4F/qroXw=
-93,-10,AslfwhSQ9DqebjW/NvLKLZSz2J0=,YJHrvz15p4dDBjDRk1fp7GaxuhY=
-90,-6,AslfwhSQ9DqebjW/NvLKLZSz2J0=,SoWWOuoNUp1cpkiJQgP1VwRfICQ=
-83,-15,AslfwhSQ9DqebjW/NvLKLZSz2J0=,YJHrvz15p4dDBjDRk1fp7GaxuhY=
-85,-9,AslfwhSQ9DqebjW/NvLKLZSz2J0=,YJHrvz15p4dDBjDRk1fp7GaxuhY=
-88,-2,AslfwhSQ9DqebjW/NvLKLZSz2J0=,O88SSzTG/2s3+w+Ensp4F/qroXw=
-85,-14,AslfwhSQ9DqebjW/NvLKLZSz2J0=,YJHrvz15p4dDBjDRk1fp7GaxuhY=
-94,-10,AslfwhSQ9DqebjW/NvLKLZSz2J0=,YJHrvz15p4dDBjDRk1fp7GaxuhY=
-81,-9,AslfwhSQ9DqebjW/NvLKLZSz2J0=,YJHrvz15p4dDBjDRk1fp7GaxuhY=
-85,-4,AslfwhSQ9DqebjW/NvLKLZSz2J0=,O88SSzTG/2s3+w+Ensp4F/qroXw=
-91,-6,AslfwhSQ9DqebjW/NvLKLZSz2J0=,SoWWOuoNUp1cpkiJQgP1VwRfICQ=
-82,-15,AslfwhSQ9DqebjW/NvLKLZSz2J0=,YJHrvz15p4dDBjDRk1fp7GaxuhY=
-87,-8,AslfwhSQ9DqebjW/NvLKLZSz2J0=,O88SSzTG/2s3+w+Ensp4F/qroXw=
-93,-13,AslfwhSQ9DqebjW/NvLKLZSz2J0=,YJHrvz15p4dDBjDRk1fp7GaxuhY=
-95,-10,AslfwhSQ9DqebjW/NvLKLZSz2J0=,YJHrvz15p4dDBjDRk1fp7GaxuhY=
-87,-2,AslfwhSQ9DqebjW/NvLKLZSz2J0=,O88SSzTG/2s3+w+Ensp4F/qroXw=
-84,-14,AslfwhSQ9DqebjW/NvLKLZSz2J0=,YJHrvz15p4dDBjDRk1fp7GaxuhY=
-86,-13,AslfwhSQ9DqebjW/NvLKLZSz2J0=,YJHrvz15p4dDBjDRk1fp7GaxuhY=
-92,-6,AslfwhSQ9DqebjW/NvLKLZSz2J0=,SoWWOuoNUp1cpkiJQgP1VwRfICQ=
-86,-8,AslfwhSQ9DqebjW/NvLKLZSz2J0=,O88SSzTG/2s3+w+Ensp4F/qroXw=
-86,-4,AslfwhSQ9DqebjW/NvLKLZSz2J0=,O88SSzTG/2s3+w+Ensp4F/qroXw=
-94,-12,AslfwhSQ9DqebjW/NvLKLZSz2J0=,YJHrvz15p4dDBjDRk1fp7GaxuhY=
-93,-11,AslfwhSQ9DqebjW/NvLKLZSz2J0=,YJHrvz15p4dDBjDRk1fp7GaxuhY=
-83,-14,AslfwhSQ9DqebjW/NvLKLZSz2J0=,YJHrvz15p4dDBjDRk1fp7GaxuhY=
-87,-4,AslfwhSQ9DqebjW/NvLKLZSz2J0=,O88SSzTG/2s3+w+Ensp4F/qroXw=
-87,-13,AslfwhSQ9DqebjW/NvLKLZSz2J0=,YJHrvz15p4dDBjDRk1fp7GaxuhY=
-88,-8,AslfwhSQ9DqebjW/NvLKLZSz2J0=,O88SSzTG/2s3+w+Ensp4F/qroXw=
-82,-14,AslfwhSQ9DqebjW/NvLKLZSz2J0=,YJHrvz15p4dDBjDRk1fp7GaxuhY=
-86,-3,AslfwhSQ9DqebjW/NvLKLZSz2J0=,O88SSzTG/2s3+w+Ensp4F/qroXw=
-94,-11,AslfwhSQ9DqebjW/NvLKLZSz2J0=,YJHrvz15p4dDBjDRk1fp7GaxuhY=
-86,-7,AslfwhSQ9DqebjW/NvLKLZSz2J0=,O88SSzTG/2s3+w+Ensp4F/qroXw=
-95,-11,AslfwhSQ9DqebjW/NvLKLZSz2J0=,YJHrvz15p4dDBjDRk1fp7GaxuhY=
-82,-10,AslfwhSQ9DqebjW/NvLKLZSz2J0=,YJHrvz15p4dDBjDRk1fp7GaxuhY=
-88,-13,AslfwhSQ9DqebjW/NvLKLZSz2J0=,YJHrvz15p4dDBjDRk1fp7GaxuhY=
-87,-7,AslfwhSQ9DqebjW/NvLKLZSz2J0=,O88SSzTG/2s3+w+Ensp4F/qroXw=
-87,-3,AslfwhSQ9DqebjW/NvLKLZSz2J0=,O88SSzTG/2s3+w+Ensp4F/qroXw=
-89,-7,AslfwhSQ9DqebjW/NvLKLZSz2J0=,SoWWOuoNUp1cpkiJQgP1VwRfICQ=
-86,-2,AslfwhSQ9DqebjW/NvLKLZSz2J0=,O88SSzTG/2s3+w+Ensp4F/qroXw=
-81,-5,AslfwhSQ9DqebjW/NvLKLZSz2J0=,O88SSzTG/2s3+w+Ensp4F/qroXw=
-93,-12,AslfwhSQ9DqebjW/NvLKLZSz2J0=,YJHrvz15p4dDBjDRk1fp7GaxuhY=
-81,-7,AslfwhSQ9DqebjW/NvLKLZSz2J0=,O88SSzTG/2s3+w+Ensp4F/qroXw=
-83,-9,AslfwhSQ9DqebjW/NvLKLZSz2J0=,YJHrvz15p4dDBjDRk1fp7GaxuhY=
-88,-6,AslfwhSQ9DqebjW/NvLKLZSz2J0=,O88SSzTG/2s3+w+Ensp4F/qroXw=
-88,-7,AslfwhSQ9DqebjW/NvLKLZSz2J0=,O88SSzTG/2s3+w+Ensp4F/qroXw=
-92,-7,AslfwhSQ9DqebjW/NvLKLZSz2J0=,SoWWOuoNUp1cpkiJQgP1VwRfICQ=
-91,-7,AslfwhSQ9DqebjW/NvLKLZSz2J0=,SoWWOuoNUp1cpkiJQgP1VwRfICQ=
-81,-8,AslfwhSQ9DqebjW/NvLKLZSz2J0=,O88SSzTG/2s3+w+Ensp4F/qroXw=
-84,-7,AslfwhSQ9DqebjW/NvLKLZSz2J0=,O88SSzTG/2s3+w+Ensp4F/qroXw=
-83,-7,AslfwhSQ9DqebjW/NvLKLZSz2J0=,O88SSzTG/2s3+w+Ensp4F/qroXw=
-88,-5,AslfwhSQ9DqebjW/NvLKLZSz2J0=,O88SSzTG/2s3+w+Ensp4F/qroXw=
-83,-6,AslfwhSQ9DqebjW/NvLKLZSz2J0=,O88SSzTG/2s3+w+Ensp4F/qroXw=
-82,-7,AslfwhSQ9DqebjW/NvLKLZSz2J0=,O88SSzTG/2s3+w+Ensp4F/qroXw=
-82,-8,AslfwhSQ9DqebjW/NvLKLZSz2J0=,O88SSzTG/2s3+w+Ensp4F/qroXw=
-84,-6,AslfwhSQ9DqebjW/NvLKLZSz2J0=,O88SSzTG/2s3+w+Ensp4F/qroXw=
-84,-5,AslfwhSQ9DqebjW/NvLKLZSz2J0=,O88SSzTG/2s3+w+Ensp4F/qroXw=
-90,-7,AslfwhSQ9DqebjW/NvLKLZSz2J0=,SoWWOuoNUp1cpkiJQgP1VwRfICQ=
-83,-8,AslfwhSQ9DqebjW/NvLKLZSz2J0=,O88SSzTG/2s3+w+Ensp4F/qroXw=
-84,-9,AslfwhSQ9DqebjW/NvLKLZSz2J0=,YJHrvz15p4dDBjDRk1fp7GaxuhY=
-84,-8,AslfwhSQ9DqebjW/NvLKLZSz2J0=,O88SSzTG/2s3+w+Ensp4F/qroXw=
-82,-9,AslfwhSQ9DqebjW/NvLKLZSz2J0=,YJHrvz15p4dDBjDRk1fp7GaxuhY=
-70,-5,M6C5udAalbJ5iLzBOBuXtXkGZpA=,WiSaFpNXlNC2E0+0YH//fDMN80k=
-68,-4,M6C5udAalbJ5iLzBOBuXtXkGZpA=,WiSaFpNXlNC2E0+0YH//fDMN80k=
-69,-5,M6C5udAalbJ5iLzBOBuXtXkGZpA=,WiSaFpNXlNC2E0+0YH//fDMN80k=
-68,-5,M6C5udAalbJ5iLzBOBuXtXkGZpA=,WiSaFpNXlNC2E0+0YH//fDMN80k=
-72,-8,M6C5udAalbJ5iLzBOBuXtXkGZpA=,WiSaFpNXlNC2E0+0YH//fDMN80k=
-67,-4,M6C5udAalbJ5iLzBOBuXtXkGZpA=,WiSaFpNXlNC2E0+0YH//fDMN80k=
-67,-5,M6C5udAalbJ5iLzBOBuXtXkGZpA=,WiSaFpNXlNC2E0+0YH//fDMN80k=
-66,-4,M6C5udAalbJ5iLzBOBuXtXkGZpA=,WiSaFpNXlNC2E0+0YH//fDMN80k=
-72,-2,M6C5udAalbJ5iLzBOBuXtXkGZpA=,WiSaFpNXlNC2E0+0YH//fDMN80k=
-66,-5,M6C5udAalbJ5iLzBOBuXtXkGZpA=,WiSaFpNXlNC2E0+0YH//fDMN80k=
-71,-2,M6C5udAalbJ5iLzBOBuXtXkGZpA=,WiSaFpNXlNC2E0+0YH//fDMN80k=
-70,-2,M6C5udAalbJ5iLzBOBuXtXkGZpA=,WiSaFpNXlNC2E0+0YH//fDMN80k=
-72,-3,M6C5udAalbJ5iLzBOBuXtXkGZpA=,WiSaFpNXlNC2E0+0YH//fDMN80k=
-69,-2,M6C5udAalbJ5iLzBOBuXtXkGZpA=,WiSaFpNXlNC2E0+0YH//fDMN80k=
-71,-3,M6C5udAalbJ5iLzBOBuXtXkGZpA=,WiSaFpNXlNC2E0+0YH//fDMN80k=
-71,-8,M6C5udAalbJ5iLzBOBuXtXkGZpA=,WiSaFpNXlNC2E0+0YH//fDMN80k=
-72,-7,M6C5udAalbJ5iLzBOBuXtXkGZpA=,WiSaFpNXlNC2E0+0YH//fDMN80k=
-70,-3,M6C5udAalbJ5iLzBOBuXtXkGZpA=,WiSaFpNXlNC2E0+0YH//fDMN80k=
-65,-5,M6C5udAalbJ5iLzBOBuXtXkGZpA=,WiSaFpNXlNC2E0+0YH//fDMN80k=
-71,-7,M6C5udAalbJ5iLzBOBuXtXkGZpA=,WiSaFpNXlNC2E0+0YH//fDMN80k=
-69,-3,M6C5udAalbJ5iLzBOBuXtXkGZpA=,WiSaFpNXlNC2E0+0YH//fDMN80k=
-70,-8,M6C5udAalbJ5iLzBOBuXtXkGZpA=,WiSaFpNXlNC2E0+0YH//fDMN80k=
-68,-3,M6C5udAalbJ5iLzBOBuXtXkGZpA=,WiSaFpNXlNC2E0+0YH//fDMN80k=
-69,-4,M6C5udAalbJ5iLzBOBuXtXkGZpA=,WiSaFpNXlNC2E0+0YH//fDMN80k=
-70,-4,M6C5udAalbJ5iLzBOBuXtXkGZpA=,WiSaFpNXlNC2E0+0YH//fDMN80k=
-71,-4,M6C5udAalbJ5iLzBOBuXtXkGZpA=,WiSaFpNXlNC2E0+0YH//fDMN80k=
-72,-4,M6C5udAalbJ5iLzBOBuXtXkGZpA=,WiSaFpNXlNC2E0+0YH//fDMN80k=
-71,-5,M6C5udAalbJ5iLzBOBuXtXkGZpA=,WiSaFpNXlNC2E0+0YH//fDMN80k=
-65,-8,M6C5udAalbJ5iLzBOBuXtXkGZpA=,WiSaFpNXlNC2E0+0YH//fDMN80k=
-67,-8,M6C5udAalbJ5iLzBOBuXtXkGZpA=,WiSaFpNXlNC2E0+0YH//fDMN80k=
-71,-6,M6C5udAalbJ5iLzBOBuXtXkGZpA=,WiSaFpNXlNC2E0+0YH//fDMN80k=
-72,-5,M6C5udAalbJ5iLzBOBuXtXkGZpA=,WiSaFpNXlNC2E0+0YH//fDMN80k=
-68,-8,M6C5udAalbJ5iLzBOBuXtXkGZpA=,WiSaFpNXlNC2E0+0YH//fDMN80k=
-72,-6,M6C5udAalbJ5iLzBOBuXtXkGZpA=,WiSaFpNXlNC2E0+0YH//fDMN80k=
-69,-8,M6C5udAalbJ5iLzBOBuXtXkGZpA=,WiSaFpNXlNC2E0+0YH//fDMN80k=
-65,-6,M6C5udAalbJ5iLzBOBuXtXkGZpA=,WiSaFpNXlNC2E0+0YH//fDMN80k=
-65,-7,M6C5udAalbJ5iLzBOBuXtXkGZpA=,WiSaFpNXlNC2E0+0YH//fDMN80k=
-66,-6,M6C5udAalbJ5iLzBOBuXtXkGZpA=,WiSaFpNXlNC2E0+0YH//fDMN80k=
-66,-7,M6C5udAalbJ5iLzBOBuXtXkGZpA=,WiSaFpNXlNC2E0+0YH//fDMN80k=
-67,-6,M6C5udAalbJ5iLzBOBuXtXkGZpA=,WiSaFpNXlNC2E0+0YH//fDMN80k=
-67,-7,M6C5udAalbJ5iLzBOBuXtXkGZpA=,WiSaFpNXlNC2E0+0YH//fDMN80k=
-68,-6,M6C5udAalbJ5iLzBOBuXtXkGZpA=,WiSaFpNXlNC2E0+0YH//fDMN80k=
-68,-7,M6C5udAalbJ5iLzBOBuXtXkGZpA=,WiSaFpNXlNC2E0+0YH//fDMN80k=
-69,-6,M6C5udAalbJ5iLzBOBuXtXkGZpA=,WiSaFpNXlNC2E0+0YH//fDMN80k=
-66,-8,M6C5udAalbJ5iLzBOBuXtXkGZpA=,WiSaFpNXlNC2E0+0YH//fDMN80k=
-69,-7,M6C5udAalbJ5iLzBOBuXtXkGZpA=,WiSaFpNXlNC2E0+0YH//fDMN80k=
-70,-7,M6C5udAalbJ5iLzBOBuXtXkGZpA=,WiSaFpNXlNC2E0+0YH//fDMN80k=
-70,-6,M6C5udAalbJ5iLzBOBuXtXkGZpA=,WiSaFpNXlNC2E0+0YH//fDMN80k=
-69,-1,M6C5udAalbJ5iLzBOBuXtXkGZpA=,WiSaFpNXlNC2E0+0YH//fDMN80k=
-70,-1,M6C5udAalbJ5iLzBOBuXtXkGZpA=,WiSaFpNXlNC2E0+0YH//fDMN80k=
-71,-1,M6C5udAalbJ5iLzBOBuXtXkGZpA=,WiSaFpNXlNC2E0+0YH//fDMN80k=
-72,-1,M6C5udAalbJ5iLzBOBuXtXkGZpA=,WiSaFpNXlNC2E0+0YH//fDMN80k=
-66,-2,M6C5udAalbJ5iLzBOBuXtXkGZpA=,WiSaFpNXlNC2E0+0YH//fDMN80k=
-66,-1,M6C5udAalbJ5iLzBOBuXtXkGZpA=,WiSaFpNXlNC2E0+0YH//fDMN80k=
-67,-1,M6C5udAalbJ5iLzBOBuXtXkGZpA=,WiSaFpNXlNC2E0+0YH//fDMN80k=
-65,-4,M6C5udAalbJ5iLzBOBuXtXkGZpA=,WiSaFpNXlNC2E0+0YH//fDMN80k=
-67,-3,M6C5udAalbJ5iLzBOBuXtXkGZpA=,WiSaFpNXlNC2E0+0YH//fDMN80k=
-68,-1,M6C5udAalbJ5iLzBOBuXtXkGZpA=,WiSaFpNXlNC2E0+0YH//fDMN80k=
-68,-2,M6C5udAalbJ5iLzBOBuXtXkGZpA=,WiSaFpNXlNC2E0+0YH//fDMN80k=
-65,-1,M6C5udAalbJ5iLzBOBuXtXkGZpA=,WiSaFpNXlNC2E0+0YH//fDMN80k=
-65,-3,M6C5udAalbJ5iLzBOBuXtXkGZpA=,WiSaFpNXlNC2E0+0YH//fDMN80k=
-66,-3,M6C5udAalbJ5iLzBOBuXtXkGZpA=,WiSaFpNXlNC2E0+0YH//fDMN80k=
-67,-2,M6C5udAalbJ5iLzBOBuXtXkGZpA=,WiSaFpNXlNC2E0+0YH//fDMN80k=
-65,-2,M6C5udAalbJ5iLzBOBuXtXkGZpA=,WiSaFpNXlNC2E0+0YH//fDMN80k=
